193008.3 0.10 0.10 0 0 0 0 0 0 2 2 1 a 0 0 0 0 0 0 2 1 1 s 64LiGaDe.1
183188.9 0.10 0.10 0 0 0 0 0 0 2 2 1 s 0 0 0 0 0 0 2 1 1 a 64LiGaDe.2
136382.4 0.10 0.10 0 0 0 0 0 0 3 2 2 a 0 0 0 0 0 0 3 1 2 s 64LiGaDe.3
126596.9 0.10 0.10 0 0 0 0 0 0 3 2 2 s 0 0 0 0 0 0 3 1 2 a 64LiGaDe.4
 79302.8 0.10 0.10 0 0 0 0 0 0 4 2 3 a 0 0 0 0 0 0 4 1 3 s 64LiGaDe.5
 69581.6 0.10 0.10 0 0 0 0 0 0 4 2 3 s 0 0 0 0 0 0 4 1 3 a 64LiGaDe.6
211056.0 0.10 0.10 0 0 0 0 0 0 5 3 3 a 0 0 0 0 0 0 5 2 3 s 64LiGaDe.7
201909.0 0.10 0.10 0 0 0 0 0 0 5 3 3 s 0 0 0 0 0 0 5 2 3 a 64LiGaDe.8
127523.4 0.10 0.10 0 0 0 0 0 0 6 3 4 a 0 0 0 0 0 0 6 2 4 s 64LiGaDe.9
118504.0 0.10 0.10 0 0 0 0 0 0 6 3 4 s 0 0 0 0 0 0 6 2 4 a 64LiGaDe.10
183989.1 0.10 0.10 0 0 0 0 0 0 8 4 5 a 0 0 0 0 0 0 8 3 5 s 64LiGaDe.11
175855.9 0.10 0.10 0 0 0 0 0 0 8 4 5 s 0 0 0 0 0 0 8 3 5 a 64LiGaDe.12
 98351.2 0.10 0.10 0 0 0 0 0 0 9 4 6 a 0 0 0 0 0 0 9 3 6 s 64LiGaDe.13
 90438.6 0.10 0.10 0 0 0 0 0 0 9 4 6 s 0 0 0 0 0 0 9 3 6 a 64LiGaDe.14