  0.162119 0.00025 0.00025 0 0 0 0 0 0  6  0  6 a 0 0 0 0 0 0  6  1  6 s 88FuDiJo.720
  0.178925 0.00025 0.00025 0 0 0 0 0 0  8  0  8 a 0 0 0 0 0 0  8  1  8 s 88FuDiJo.721
  0.179860 0.00025 0.00025 0 0 0 0 0 0  7  1  7 a 0 0 0 0 0 0  7  0  7 s 88FuDiJo.722
  0.180597 0.00025 0.00025 0 0 0 0 0 0  8  1  8 a 0 0 0 0 0 0  8  0  8 s 88FuDiJo.723
  0.183293 0.00025 0.00025 0 0 0 0 0 0  9  0  9 a 0 0 0 0 0 0  9  1  9 s 88FuDiJo.724
  0.183719 0.00025 0.00025 0 0 0 0 0 0  9  1  9 a 0 0 0 0 0 0  9  0  9 s 88FuDiJo.725
  0.186165 0.00025 0.00025 0 0 0 0 0 0  6  1  6 a 0 0 0 0 0 0  6  0  6 s 88FuDiJo.726
  0.187862 0.00025 0.00025 0 0 0 0 0 0 10  0 10 a 0 0 0 0 0 0 10  1 10 s 88FuDiJo.727
  0.187969 0.00025 0.00025 0 0 0 0 0 0 10  1 10 a 0 0 0 0 0 0 10  0 10 s 88FuDiJo.728
  0.193015 0.00025 0.00025 0 0 0 0 0 0 11  0 11 a 0 0 0 0 0 0 11  1 11 s 88FuDiJo.729
  0.193039 0.00025 0.00025 0 0 0 0 0 0 11  1 11 a 0 0 0 0 0 0 11  0 11 s 88FuDiJo.730
  0.198881 0.00025 0.00025 0 0 0 0 0 0 12  1 12 a 0 0 0 0 0 0 12  0 12 s 88FuDiJo.731
  0.205538 0.00025 0.00025 0 0 0 0 0 0 13  0 13 a 0 0 0 0 0 0 13  1 13 s 88FuDiJo.732
  0.213055 0.00025 0.00025 0 0 0 0 0 0 14  0 14 a 0 0 0 0 0 0 14  1 14 s 88FuDiJo.733
  0.215519 0.00025 0.00025 0 0 0 0 0 0  5  1  5 a 0 0 0 0 0 0  5  0  5 s 88FuDiJo.734
  0.260226 0.00025 0.00025 0 0 0 0 0 0  6  2  5 s 0 0 0 0 0 0  6  1  5 a 88FuDiJo.735
  0.265580 0.00025 0.00025 0 0 0 0 0 0 19  1 19 a 0 0 0 0 0 0 19  0 19 s 88FuDiJo.737
  0.266247 0.00025 0.00025 0 0 0 0 0 0 19  0 19 a 0 0 0 0 0 0 19  1 19 s 88FuDiJo.736
  0.276322 0.00025 0.00025 0 0 0 0 0 0  3  1  3 s 0 0 0 0 0 0  3  0  3 a 88FuDiJo.738
  0.280717 0.00025 0.00025 0 0 0 0 0 0 20  1 20 a 0 0 0 0 0 0 20  0 20 s 88FuDiJo.740
  0.280717 0.00025 0.00025 0 0 0 0 0 0 20  0 20 a 0 0 0 0 0 0 20  1 20 s 88FuDiJo.739
  0.300437 0.00025 0.00025 0 0 0 0 0 0  7  2  6 a 0 0 0 0 0 0  7  1  6 s 88FuDiJo.741
  0.312920 0.00025 0.00025 0 0 0 0 0 0 17  6 12 a 0 0 0 0 0 0 17  5 12 s 88FuDiJo.742
  0.317469 0.00025 0.00025 0 0 0 0 0 0  4  1  4 a 0 0 0 0 0 0  4  0  4 s 88FuDiJo.743
  0.327826 0.00025 0.00025 0 0 0 0 0 0 12  4  9 a 0 0 0 0 0 0 12  3  9 s 88FuDiJo.744
  0.334009 0.00025 0.00025 0 0 0 0 0 0 19  7 13 s 0 0 0 0 0 0 19  6 13 a 88FuDiJo.745
  0.435892 0.00025 0.00025 0 0 0 0 0 0 11  4  8 s 0 0 0 0 0 0 11  3  8 a 88FuDiJo.746
  0.450050 0.00025 0.00025 0 0 0 0 0 0  9  3  7 a 0 0 0 0 0 0  9  2  7 s 88FuDiJo.747
  0.465229 0.00025 0.00025 0 0 0 0 0 0 14  5 10 a 0 0 0 0 0 0 14  4 10 s 88FuDiJo.748
  0.519940 0.00025 0.00025 0 0 0 0 0 0 16  6 11 s 0 0 0 0 0 0 16  5 11 a 88FuDiJo.749
  0.580153 0.00025 0.00025 0 0 0 0 0 0  6  2  5 a 0 0 0 0 0 0  6  1  5 s 88FuDiJo.750
  0.616487 0.00025 0.00025 0 0 0 0 0 0  3  1  3 a 0 0 0 0 0 0  3  0  3 s 88FuDiJo.751
  0.682087 0.00025 0.00025 0 0 0 0 0 0 16  6 11 s 0 0 0 0 0 0 16  5 11 a 88FuDiJo.752
  0.685104 0.00025 0.00025 0 0 0 0 0 0 11  4  8 a 0 0 0 0 0 0 11  3  8 s 88FuDiJo.753
  0.687434 0.00025 0.00025 0 0 0 0 0 0  8  3  6 s 0 0 0 0 0 0  8  2  6 a 88FuDiJo.754
  0.823071 0.00025 0.00025 0 0 0 0 0 0 13  5  9 s 0 0 0 0 0 0 13  4  9 a 88FuDiJo.755
  0.886003 0.00025 0.00025 0 0 0 0 0 0  2  1  2 s 0 0 0 0 0 0  2  0  2 a 88FuDiJo.756
  0.956612 0.00025 0.00025 0 0 0 0 0 0  5  2  4 s 0 0 0 0 0 0  5  1  4 a 88FuDiJo.757
  0.978013 0.00025 0.00025 0 0 0 0 0 0  8  3  6 a 0 0 0 0 0 0  8  2  6 s 88FuDiJo.758
  1.010098 0.00025 0.00025 0 0 0 0 0 0 18  7 12 a 0 0 0 0 0 0 18  6 12 s 88FuDiJo.759
  1.033238 0.00025 0.00025 0 0 0 0 0 0 13  5  9 a 0 0 0 0 0 0 13  4  9 s 88FuDiJo.760
  1.278451 0.00025 0.00025 0 0 0 0 0 0  5  2  4 a 0 0 0 0 0 0  5  1  4 s 88FuDiJo.761
  1.280481 0.00025 0.00025 0 0 0 0 0 0 10  4  7 s 0 0 0 0 0 0 10  3  7 a 88FuDiJo.762
  1.292180 0.00025 0.00025 0 0 0 0 0 0  2  1  2 a 0 0 0 0 0 0  2  0  2 s 88FuDiJo.763
  1.359265 0.00025 0.00025 0 0 0 0 0 0 15  6 10 s 0 0 0 0 0 0 15  5 10 a 88FuDiJo.764
  1.503324 0.00025 0.00025 0 0 0 0 0 0 10  4  7 a 0 0 0 0 0 0 10  3  7 s 88FuDiJo.766
  1.530823 0.00025 0.00025 0 0 0 0 0 0 15  6 10 a 0 0 0 0 0 0 15  5 10 s 88FuDiJo.765
  1.923823 0.00025 0.00025 0 0 0 0 0 0  1  1  1 s 0 0 0 0 0 0  1  0  1 a 88FuDiJo.767
  2.262950 0.00025 0.00025 0 0 0 0 0 0  1  1  1 a 0 0 0 0 0 0  1  0  1 s 88FuDiJo.768
  2.645257 0.00025 0.00025 0 0 0 0 0 0  4  2  3 a 0 0 0 0 0 0  4  1  3 s 88FuDiJo.770
  2.988121 0.00025 0.00025 0 0 0 0 0 0  4  2  3 s 0 0 0 0 0 0  4  1  3 a 88FuDiJo.769
  3.016707 0.00025 0.00025 0 0 0 0 0 0  9  4  6 s 0 0 0 0 0 0  9  3  6 a 88FuDiJo.771
  3.280643 0.00025 0.00025 0 0 0 0 0 0  9  4  6 a 0 0 0 0 0 0  9  3  6 s 88FuDiJo.772
  3.689648 0.00025 0.00025 0 0 0 0 0 0  1  1  0 a 0 0 0 0 0 0  1  0  1 a 88FuDiJo.773
  3.699116 0.00025 0.00025 0 0 0 0 0 0  1  1  0 s 0 0 0 0 0 0  1  0  1 s 88FuDiJo.774
  3.952868 0.00025 0.00025 0 0 0 0 0 0  6  3  4 s 0 0 0 0 0 0  6  2  4 a 88FuDiJo.775
  4.222834 0.00025 0.00025 0 0 0 0 0 0  3  2  2 s 0 0 0 0 0 0  3  1  2 a 88FuDiJo.776
  4.253723 0.00025 0.00025 0 0 0 0 0 0  6  3  4 a 0 0 0 0 0 0  6  2  4 s 88FuDiJo.777
  4.447572 0.00025 0.00025 0 0 0 0 0 0 11  5  7 s 0 0 0 0 0 0 11  4  7 a 88FuDiJo.778
  4.549228 0.00025 0.00025 0 0 0 0 0 0  3  2  2 a 0 0 0 0 0 0  3  1  2 s 88FuDiJo.779
  4.676461 0.00025 0.00025 0 0 0 0 0 0 11  5  7 a 0 0 0 0 0 0 11  4  7 s 88FuDiJo.780
  5.865916 0.00025 0.00025 0 0 0 0 0 0  8  4  5 s 0 0 0 0 0 0  8  3  5 a 88FuDiJo.781
  5.931426 0.00025 0.00025 0 0 0 0 0 0  2  1  1 a 0 0 0 0 0 0  2  0  2 a 88FuDiJo.782
  5.934825 0.00025 0.00025 0 0 0 0 0 0  2  1  1 s 0 0 0 0 0 0  2  0  2 s 88FuDiJo.783
  6.110505 0.00025 0.00025 0 0 0 0 0 0  2  2  1 s 0 0 0 0 0 0  2  1  1 a 88FuDiJo.784
  6.137175 0.00025 0.00025 0 0 0 0 0 0  8  4  5 a 0 0 0 0 0 0  8  3  5 s 88FuDiJo.785
  6.194895 0.00025 0.00025 0 0 0 0 0 0 13  6  8 s 0 0 0 0 0 0 13  5  8 a 88FuDiJo.786
  6.387585 0.00025 0.00025 0 0 0 0 0 0 13  6  8 a 0 0 0 0 0 0 13  5  8 s 88FuDiJo.787
  6.438047 0.00025 0.00025 0 0 0 0 0 0  2  2  1 a 0 0 0 0 0 0  2  1  1 s 88FuDiJo.788
  6.735052 0.00025 0.00025 0 0 0 0 0 0  5  3  3 s 0 0 0 0 0 0  5  2  3 a 88FuDiJo.789
  6.903838 0.00025 0.00025 0 0 0 0 0 0  2  2  0 a 0 0 0 0 0 0  2  1  1 a 88FuDiJo.790
  6.910464 0.00025 0.00025 0 0 0 0 0 0  2  2  0 s 0 0 0 0 0 0  2  1  1 s 88FuDiJo.791
  7.040095 0.00025 0.00025 0 0 0 0 0 0  5  3  3 a 0 0 0 0 0 0  5  2  3 s 88FuDiJo.792
  7.079794 0.00025 0.00025 0 0 0 0 0 0  3  2  1 a 0 0 0 0 0 0  3  1  2 a 88FuDiJo.793
  7.085283 0.00025 0.00025 0 0 0 0 0 0  3  2  1 s 0 0 0 0 0 0  3  1  2 s 88FuDiJo.794
  8.083198 0.00025 0.00025 0 0 0 0 0 0 10  5  6 s 0 0 0 0 0 0 10  4  6 a 88FuDiJo.795
  8.320759 0.00025 0.00025 0 0 0 0 0 0 10  5  6 a 0 0 0 0 0 0 10  4  6 s 88FuDiJo.796
  8.873712 0.00025 0.00025 0 0 0 0 0 0  4  2  2 a 0 0 0 0 0 0  4  1  3 a 88FuDiJo.797
  8.945323 0.00025 0.00025 0 0 0 0 0 0  4  2  2 s 0 0 0 0 0 0  4  1  3 s 88FuDiJo.798
  9.490487 0.00025 0.00025 0 0 0 0 0 0  7  4  4 s 0 0 0 0 0 0  7  3  4 a 88FuDiJo.799
  9.588792 0.00025 0.00025 0 0 0 0 0 0  4  3  2 s 0 0 0 0 0 0  4  2  2 a 88FuDiJo.800
  9.767392 0.00025 0.00025 0 0 0 0 0 0  7  4  4 a 0 0 0 0 0 0  7  3  4 s 88FuDiJo.801
  9.889411 0.00025 0.00025 0 0 0 0 0 0  3  1  2 a 0 0 0 0 0 0  3  0  3 a 88FuDiJo.802
  9.894041 0.00025 0.00025 0 0 0 0 0 0  3  1  2 s 0 0 0 0 0 0  3  0  3 s 88FuDiJo.803
  9.896457 0.00025 0.00025 0 0 0 0 0 0  4  3  2 a 0 0 0 0 0 0  4  2  2 s 88FuDiJo.804
 10.331024 0.00025 0.00025 0 0 0 0 0 0  5  3  2 a 0 0 0 0 0 0  5  2  3 a 88FuDiJo.805
 10.339226 0.00025 0.00025 0 0 0 0 0 0  5  3  2 s 0 0 0 0 0 0  5  2  3 s 88FuDiJo.806
 10.631634 0.00025 0.00025 0 0 0 0 0 0 12  6  7 s 0 0 0 0 0 0 12  5  7 a 88FuDiJo.807
 10.833475 0.00025 0.00025 0 0 0 0 0 0 12  6  7 a 0 0 0 0 0 0 12  5  7 s 88FuDiJo.808
 11.080683 0.00025 0.00025 0 0 0 0 0 0  2  2  1 a 0 0 0 0 0 0  2  1  2 a 88FuDiJo.809
 11.089203 0.00025 0.00025 0 0 0 0 0 0  2  2  1 s 0 0 0 0 0 0  2  1  2 s 88FuDiJo.810
 11.189292 0.00025 0.00025 0 0 0 0 0 0  1  1  1 a 0 0 0 0 0 0  0  0  0 a 88FuDiJo.811
 11.191543 0.00025 0.00025 0 0 0 0 0 0  1  1  1 s 0 0 0 0 0 0  0  0  0 s 88FuDiJo.812
 11.553107 0.00025 0.00025 0 0 0 0 0 0  2  2  0 s 0 0 0 0 0 0  2  1  2 a 88FuDiJo.813
 11.882527 0.00025 0.00025 0 0 0 0 0 0  2  2  0 a 0 0 0 0 0 0  2  1  2 s 88FuDiJo.814
 12.120147 0.00025 0.00025 0 0 0 0 0 0  5  2  3 a 0 0 0 0 0 0  5  1  4 a 88FuDiJo.818
 12.509837 0.00025 0.00025 0 0 0 0 0 0  9  5  5 s 0 0 0 0 0 0  9  4  5 a 88FuDiJo.815
 12.625415 0.00025 0.00025 0 0 0 0 0 0  1  1  0 s 0 0 0 0 0 0  0  0  0 a 88FuDiJo.816
 12.753791 0.00025 0.00025 0 0 0 0 0 0  9  5  5 a 0 0 0 0 0 0  9  4  5 s 88FuDiJo.817
 12.792299 0.00025 0.00025 0 0 0 0 0 0  5  2  3 s 0 0 0 0 0 0  5  1  4 s 88FuDiJo.819
 12.964033 0.00025 0.00025 0 0 0 0 0 0  1  1  0 a 0 0 0 0 0 0  0  0  0 s 88FuDiJo.820
 13.182863 0.00025 0.00025 0 0 0 0 0 0  6  4  3 s 0 0 0 0 0 0  6  3  3 a 88FuDiJo.821
 13.463287 0.00025 0.00025 0 0 0 0 0 0  6  4  3 a 0 0 0 0 0 0  6  3  3 s 88FuDiJo.822
 13.562817 0.00025 0.00025 0 0 0 0 0 0  7  4  3 a 0 0 0 0 0 0  7  3  4 a 88FuDiJo.823
 13.573727 0.00025 0.00025 0 0 0 0 0 0  7  4  3 s 0 0 0 0 0 0  7  3  4 s 88FuDiJo.824
 13.692496 0.00025 0.00025 0 0 0 0 0 0  2  0  2 s 0 0 0 0 0 0  1  1  0 a 88FuDiJo.825
 14.030852 0.00025 0.00025 0 0 0 0 0 0  2  0  2 a 0 0 0 0 0 0  1  1  0 s 88FuDiJo.826
 15.464985 0.00025 0.00025 0 0 0 0 0 0  2  0  2 s 0 0 0 0 0 0  1  1  1 s 88FuDiJo.827
 15.466983 0.00025 0.00025 0 0 0 0 0 0  2  0  2 a 0 0 0 0 0 0  1  1  1 a 88FuDiJo.828
 15.810149 0.00025 0.00025 0 0 0 0 0 0 11  6  6 s 0 0 0 0 0 0 11  5  6 a 88FuDiJo.829
 16.018461 0.00025 0.00025 0 0 0 0 0 0 11  6  6 a 0 0 0 0 0 0 11  5  6 s 88FuDiJo.830
 16.932103 0.00025 0.00025 0 0 0 0 0 0  8  5  4 s 0 0 0 0 0 0  8  4  4 a 88FuDiJo.831
 17.114860 0.00025 0.00025 0 0 0 0 0 0  4  3  1 s 0 0 0 0 0 0  4  2  3 a   88FuDiJo.1
 17.179790 0.00025 0.00025 0 0 0 0 0 0  8  5  4 a 0 0 0 0 0 0  8  4  4 s 88FuDiJo.832
 19.320910 0.00025 0.00025 0 0 0 0 0 0  4  4  0 s 0 0 0 0 0 0  4  3  2 a   88FuDiJo.2
 20.027680 0.00025 0.00025 0 0 0 0 0 0  5  4  1 s 0 0 0 0 0 0  5  3  3 a   88FuDiJo.3
 20.306060 0.00025 0.00025 0 0 0 0 0 0  5  4  1 a 0 0 0 0 0 0  5  3  3 s   88FuDiJo.4
 20.583230 0.00025 0.00025 0 0 0 0 0 0  7  5  3 s 0 0 0 0 0 0  7  4  3 a   88FuDiJo.5
 22.162280 0.00025 0.00025 0 0 0 0 0 0  5  3  2 a 0 0 0 0 0 0  5  2  4 s   88FuDiJo.6
 22.186580 0.00025 0.00025 0 0 0 0 0 0  6  4  2 s 0 0 0 0 0 0  6  3  4 a   88FuDiJo.7
 22.428260 0.00025 0.00025 0 0 0 0 0 0  3  1  2 a 0 0 0 0 0 0  2  2  0 s   88FuDiJo.8
 22.495820 0.00025 0.00025 0 0 0 0 0 0  4  0  4 s 0 0 0 0 0 0  3  1  2 a   88FuDiJo.9
 22.959570 0.00025 0.00025 0 0 0 0 0 0  6  5  2 s 0 0 0 0 0 0  6  4  2 a  88FuDiJo.10
 23.245590 0.00025 0.00025 0 0 0 0 0 0  6  5  2 a 0 0 0 0 0 0  6  4  2 s  88FuDiJo.11
 23.323820 0.00025 0.00025 0 0 0 0 0 0  2  1  1 s 0 0 0 0 0 0  1  0  1 a  88FuDiJo.12
 23.661670 0.00025 0.00025 0 0 0 0 0 0  2  1  1 a 0 0 0 0 0 0  1  0  1 s  88FuDiJo.13
 24.141750 0.00025 0.00025 0 0 0 0 0 0  5  5  1 s 0 0 0 0 0 0  5  4  1 a  88FuDiJo.14
 24.382350 0.00025 0.00025 0 0 0 0 0 0  6  5  1 s 0 0 0 0 0 0  6  4  3 a  88FuDiJo.15
 24.416980 0.00025 0.00025 0 0 0 0 0 0  5  5  1 a 0 0 0 0 0 0  5  4  1 s  88FuDiJo.16
 24.473480 0.00025 0.00025 0 0 0 0 0 0  5  5  0 s 0 0 0 0 0 0  5  4  2 a  88FuDiJo.17
 24.667650 0.00025 0.00025 0 0 0 0 0 0  6  5  1 a 0 0 0 0 0 0  6  4  3 s  88FuDiJo.18
 24.747760 0.00025 0.00025 0 0 0 0 0 0  5  5  0 a 0 0 0 0 0 0  5  4  2 s  88FuDiJo.19
 24.943670 0.00025 0.00025 0 0 0 0 0 0  9  6  4 s 0 0 0 0 0 0  9  5  4 a  88FuDiJo.20
 25.155550 0.00025 0.00025 0 0 0 0 0 0  9  6  4 a 0 0 0 0 0 0  9  5  4 s  88FuDiJo.21
 25.197450 0.00025 0.00025 0 0 0 0 0 0  7  5  2 a 0 0 0 0 0 0  7  4  4 s  88FuDiJo.22
 26.537790 0.00025 0.00025 0 0 0 0 0 0  2  2  0 s 0 0 0 0 0 0  1  1  0 a  88FuDiJo.23
 26.798440 0.00025 0.00025 0 0 0 0 0 0  7  4  3 s 0 0 0 0 0 0  7  3  5 a  88FuDiJo.24
 26.865880 0.00025 0.00025 0 0 0 0 0 0  2  2  0 a 0 0 0 0 0 0  1  1  0 s  88FuDiJo.25
 26.920760 0.00025 0.00025 0 0 0 0 0 0  8  5  3 s 0 0 0 0 0 0  8  4  5 a  88FuDiJo.26
 27.079100 0.00025 0.00025 0 0 0 0 0 0  7  4  3 a 0 0 0 0 0 0  7  3  5 s  88FuDiJo.27
 27.508620 0.00025 0.00025 0 0 0 0 0 0  2  2  1 s 0 0 0 0 0 0  1  1  1 a  88FuDiJo.28
 27.614230 0.00025 0.00025 0 0 0 0 0 0  8  6  3 s 0 0 0 0 0 0  8  5  3 a  88FuDiJo.29
 27.797730 0.00025 0.00025 0 0 0 0 0 0  8  6  2 s 0 0 0 0 0 0  8  5  3 s  88FuDiJo.30
 27.837400 0.00025 0.00025 0 0 0 0 0 0  2  2  1 a 0 0 0 0 0 0  1  1  1 s  88FuDiJo.31
 27.889640 0.00025 0.00025 0 0 0 0 0 0  8  6  3 a 0 0 0 0 0 0  8  5  3 s  88FuDiJo.32
 29.033100 0.00025 0.00025 0 0 0 0 0 0  7  6  2 s 0 0 0 0 0 0  7  5  2 a  88FuDiJo.33
 29.232120 0.00025 0.00025 0 0 0 0 0 0  8  6  2 s 0 0 0 0 0 0  8  5  4 a  88FuDiJo.34
 29.281770 0.00025 0.00025 0 0 0 0 0 0  7  6  2 a 0 0 0 0 0 0  7  5  2 s  88FuDiJo.35
 29.473990 0.00025 0.00025 0 0 0 0 0 0  7  6  1 s 0 0 0 0 0 0  7  5  3 a  88FuDiJo.36
 29.506210 0.00025 0.00025 0 0 0 0 0 0  8  6  2 a 0 0 0 0 0 0  8  5  4 s  88FuDiJo.37
 29.712230 0.00025 0.00025 0 0 0 0 0 0  6  6  1 s 0 0 0 0 0 0  6  5  1 a  88FuDiJo.38
 29.722230 0.00025 0.00025 0 0 0 0 0 0  7  6  1 a 0 0 0 0 0 0  7  5  3 s  88FuDiJo.39
 29.772650 0.00025 0.00025 0 0 0 0 0 0  6  6  0 s 0 0 0 0 0 0  6  5  2 a  88FuDiJo.40
 29.868690 0.00025 0.00025 0 0 0 0 0 0  9  6  3 a 0 0 0 0 0 0  9  5  5 s  88FuDiJo.41
 30.001150 0.00025 0.00025 0 0 0 0 0 0  6  6  1 a 0 0 0 0 0 0  6  5  1 s  88FuDiJo.42
 30.061040 0.00025 0.00025 0 0 0 0 0 0  6  6  0 a 0 0 0 0 0 0  6  5  2 s  88FuDiJo.43
 30.512620 0.00025 0.00025 0 0 0 0 0 0  4  1  3 s 0 0 0 0 0 0  3  2  1 a  88FuDiJo.44
 30.838710 0.00025 0.00025 0 0 0 0 0 0  4  1  3 a 0 0 0 0 0 0  3  2  1 s  88FuDiJo.45
 31.399190 0.00025 0.00025 0 0 0 0 0 0 10  6  4 s 0 0 0 0 0 0 10  5  6 a  88FuDiJo.46
 31.572410 0.00025 0.00025 0 0 0 0 0 0  9  5  4 a 0 0 0 0 0 0  9  4  6 s  88FuDiJo.47
 32.213900 0.00025 0.00025 0 0 0 0 0 0 10  7  4 s 0 0 0 0 0 0 10  6  4 a  88FuDiJo.48
 33.218460 0.00025 0.00025 0 0 0 0 0 0  6  2  5 s 0 0 0 0 0 0  5  3  3 a  88FuDiJo.49
 33.524430 0.00025 0.00025 0 0 0 0 0 0  6  2  5 a 0 0 0 0 0 0  5  3  3 s  88FuDiJo.50
 33.799800 0.00025 0.00025 0 0 0 0 0 0  9  7  3 s 0 0 0 0 0 0  9  6  3 a  88FuDiJo.51
 34.019600 0.00025 0.00025 0 0 0 0 0 0  9  7  3 a 0 0 0 0 0 0  9  6  3 s  88FuDiJo.52
 34.027020 0.00025 0.00025 0 0 0 0 0 0 10  7  4 a 0 0 0 0 0 0 10  6  5 a  88FuDiJo.53
 34.183050 0.00025 0.00025 0 0 0 0 0 0 10  7  3 a 0 0 0 0 0 0 10  6  5 s  88FuDiJo.54
 34.282470 0.00025 0.00025 0 0 0 0 0 0  8  4  4 s 0 0 0 0 0 0  8  3  6 a  88FuDiJo.55
 34.314700 0.00025 0.00025 0 0 0 0 0 0  9  7  2 s 0 0 0 0 0 0  9  6  4 a  88FuDiJo.56
 34.370540 0.00025 0.00025 0 0 0 0 0 0 11  7  4 a 0 0 0 0 0 0 11  6  6 s  88FuDiJo.57
 34.532930 0.00025 0.00025 0 0 0 0 0 0  9  7  2 a 0 0 0 0 0 0  9  6  4 s  88FuDiJo.58
 34.705490 0.00025 0.00025 0 0 0 0 0 0  8  7  1 s 0 0 0 0 0 0  8  6  3 a  88FuDiJo.59
 34.920730 0.00025 0.00025 0 0 0 0 0 0  8  7  2 a 0 0 0 0 0 0  8  6  2 s  88FuDiJo.60
 34.936950 0.00025 0.00025 0 0 0 0 0 0  3  1  2 s 0 0 0 0 0 0  2  0  2 a  88FuDiJo.61
 34.989420 0.00025 0.00025 0 0 0 0 0 0  8  7  1 a 0 0 0 0 0 0  8  6  3 s  88FuDiJo.62
 35.098560 0.00025 0.00025 0 0 0 0 0 0  7  7  1 s 0 0 0 0 0 0  7  6  1 a  88FuDiJo.63
 35.111270 0.00025 0.00025 0 0 0 0 0 0  7  7  0 s 0 0 0 0 0 0  7  6  2 a  88FuDiJo.64
 35.273050 0.00025 0.00025 0 0 0 0 0 0  3  1  2 a 0 0 0 0 0 0  2  0  2 s  88FuDiJo.65
 35.359050 0.00025 0.00025 0 0 0 0 0 0  7  7  1 a 0 0 0 0 0 0  7  6  1 s  88FuDiJo.66
 35.371740 0.00025 0.00025 0 0 0 0 0 0  7  7  0 a 0 0 0 0 0 0  7  6  2 s  88FuDiJo.67
 36.090670 0.00025 0.00025 0 0 0 0 0 0  3  2  1 s 0 0 0 0 0 0  2  1  1 a  88FuDiJo.68
 36.318200 0.00025 0.00025 0 0 0 0 0 0  5  1  4 s 0 0 0 0 0 0  4  2  2 a  88FuDiJo.69
 36.418110 0.00025 0.00025 0 0 0 0 0 0  3  2  1 a 0 0 0 0 0 0  2  1  1 s  88FuDiJo.70
 36.640160 0.00025 0.00025 0 0 0 0 0 0  5  1  4 a 0 0 0 0 0 0  4  2  2 s  88FuDiJo.71
 37.593170 0.00025 0.00025 0 0 0 0 0 0  7  2  6 s 0 0 0 0 0 0  6  3  4 a  88FuDiJo.72
 37.899820 0.00025 0.00025 0 0 0 0 0 0  7  2  6 a 0 0 0 0 0 0  6  3  4 s  88FuDiJo.73
 38.203740 0.00025 0.00025 0 0 0 0 0 0  3  2  2 s 0 0 0 0 0 0  2  1  2 a  88FuDiJo.74
 38.306880 0.00025 0.00025 0 0 0 0 0 0  5  2  3 s 0 0 0 0 0 0  4  3  1 a  88FuDiJo.75
 38.467120 0.00025 0.00025 0 0 0 0 0 0 11  8  4 s 0 0 0 0 0 0 11  7  4 a  88FuDiJo.76
 38.533390 0.00025 0.00025 0 0 0 0 0 0  3  2  2 a 0 0 0 0 0 0  2  1  2 s  88FuDiJo.77
 38.612370 0.00025 0.00025 0 0 0 0 0 0  5  2  3 a 0 0 0 0 0 0  4  3  1 s  88FuDiJo.78
 38.717280 0.00025 0.00025 0 0 0 0 0 0 10  5  5 s 0 0 0 0 0 0 10  4  7 a  88FuDiJo.79
 39.354050 0.00025 0.00025 0 0 0 0 0 0  7  3  4 a 0 0 0 0 0 0  7  2  6 s  88FuDiJo.80
 39.426530 0.00025 0.00025 0 0 0 0 0 0 10  8  3 s 0 0 0 0 0 0 10  7  3 a  88FuDiJo.81
 39.679980 0.00025 0.00025 0 0 0 0 0 0  6  1  5 s 0 0 0 0 0 0  5  2  3 a  88FuDiJo.82
 39.707340 0.00025 0.00025 0 0 0 0 0 0 10  8  3 a 0 0 0 0 0 0 10  7  3 s  88FuDiJo.83
 39.999350 0.00025 0.00025 0 0 0 0 0 0  6  1  5 a 0 0 0 0 0 0  5  2  3 s  88FuDiJo.84
 40.016020 0.00025 0.00025 0 0 0 0 0 0  9  8  1 s 0 0 0 0 0 0  9  7  3 a  88FuDiJo.85
 40.238130 0.00025 0.00025 0 0 0 0 0 0  9  8  2 a 0 0 0 0 0 0  9  7  2 s  88FuDiJo.86
 40.254070 0.00025 0.00025 0 0 0 0 0 0  9  8  1 a 0 0 0 0 0 0  9  7  3 s  88FuDiJo.87
 40.369770 0.00025 0.00025 0 0 0 0 0 0  8  8  0 s 0 0 0 0 0 0  8  7  2 a  88FuDiJo.88
 40.369770 0.00025 0.00025 0 0 0 0 0 0  8  8  1 s 0 0 0 0 0 0  8  7  1 a  88FuDiJo.89
 40.606230 0.00025 0.00025 0 0 0 0 0 0  8  8  0 a 0 0 0 0 0 0  8  7  2 s  88FuDiJo.91
 40.606230 0.00025 0.00025 0 0 0 0 0 0  8  8  1 a 0 0 0 0 0 0  8  7  1 s  88FuDiJo.90
 41.407390 0.00025 0.00025 0 0 0 0 0 0  3  3  0 s 0 0 0 0 0 0  2  2  0 a  88FuDiJo.92
 41.420290 0.00025 0.00025 0 0 0 0 0 0  8  2  7 a 0 0 0 0 0 0  7  3  5 s  88FuDiJo.93
 41.471520 0.00025 0.00025 0 0 0 0 0 0  3  3  1 a 0 0 0 0 0 0  2  2  0 a  88FuDiJo.94
 41.553040 0.00025 0.00025 0 0 0 0 0 0  7  1  6 s 0 0 0 0 0 0  6  2  4 a  88FuDiJo.95
 41.762470 0.00025 0.00025 0 0 0 0 0 0  3  3  0 a 0 0 0 0 0 0  2  2  0 s  88FuDiJo.96
 41.865160 0.00025 0.00025 0 0 0 0 0 0  7  1  6 a 0 0 0 0 0 0  6  2  4 s  88FuDiJo.97
 41.909920 0.00025 0.00025 0 0 0 0 0 0  3  3  1 s 0 0 0 0 0 0  2  2  1 a  88FuDiJo.98
 42.200930 0.00025 0.00025 0 0 0 0 0 0  3  3  0 s 0 0 0 0 0 0  2  2  1 s  88FuDiJo.99
 42.264600 0.00025 0.00025 0 0 0 0 0 0  3  3  1 a 0 0 0 0 0 0  2  2  1 s 88FuDiJo.100
 42.475430 0.00025 0.00025 0 0 0 0 0 0  7  3  5 s 0 0 0 0 0 0  6  4  3 a 88FuDiJo.101
 42.537860 0.00025 0.00025 0 0 0 0 0 0  6  3  3 s 0 0 0 0 0 0  5  4  1 a 88FuDiJo.102
 42.753500 0.00025 0.00025 0 0 0 0 0 0  7  3  5 a 0 0 0 0 0 0  6  4  3 s 88FuDiJo.103
 42.815580 0.00025 0.00025 0 0 0 0 0 0  6  3  3 a 0 0 0 0 0 0  5  4  1 s 88FuDiJo.104
 43.390370 0.00025 0.00025 0 0 0 0 0 0  8  1  7 a 0 0 0 0 0 0  7  2  5 s 88FuDiJo.105
 44.504520 0.00025 0.00025 0 0 0 0 0 0  9  4  5 a 0 0 0 0 0 0  9  3  7 s 88FuDiJo.106
 44.886060 0.00025 0.00025 0 0 0 0 0 0  7  4  3 s 0 0 0 0 0 0  6  5  1 a 88FuDiJo.107
 44.975990 0.00025 0.00025 0 0 0 0 0 0 11  9  3 a 0 0 0 0 0 0 11  8  3 s 88FuDiJo.108
 44.994890 0.00025 0.00025 0 0 0 0 0 0 11  9  2 a 0 0 0 0 0 0 11  8  4 s 88FuDiJo.109
 45.172130 0.00025 0.00025 0 0 0 0 0 0  7  4  3 a 0 0 0 0 0 0  6  5  1 s 88FuDiJo.110
 45.218090 0.00025 0.00025 0 0 0 0 0 0 10  9  1 s 0 0 0 0 0 0 10  8  3 a 88FuDiJo.111
 45.430760 0.00025 0.00025 0 0 0 0 0 0 10  9  1 a 0 0 0 0 0 0 10  8  3 s 88FuDiJo.112
 45.530390 0.00025 0.00025 0 0 0 0 0 0  9  9  0 s 0 0 0 0 0 0  9  8  2 a 88FuDiJo.114
 45.530390 0.00025 0.00025 0 0 0 0 0 0  9  9  1 s 0 0 0 0 0 0  9  8  1 a 88FuDiJo.113
 45.746640 0.00025 0.00025 0 0 0 0 0 0  9  9  1 a 0 0 0 0 0 0  9  8  1 s 88FuDiJo.115
 45.746640 0.00025 0.00025 0 0 0 0 0 0  9  9  0 a 0 0 0 0 0 0  9  8  2 s 88FuDiJo.116
 46.538060 0.00025 0.00025 0 0 0 0 0 0  4  2  2 s 0 0 0 0 0 0  3  1  2 a 88FuDiJo.117
 46.863440 0.00025 0.00025 0 0 0 0 0 0  4  2  2 a 0 0 0 0 0 0  3  1  2 s 88FuDiJo.118
 47.482080 0.00025 0.00025 0 0 0 0 0 0  4  1  3 s 0 0 0 0 0 0  3  0  3 a 88FuDiJo.119
 47.500680 0.00025 0.00025 0 0 0 0 0 0  6  2  4 s 0 0 0 0 0 0  5  3  2 a 88FuDiJo.120
 47.803980 0.00025 0.00025 0 0 0 0 0 0  6  2  4 a 0 0 0 0 0 0  5  3  2 s 88FuDiJo.121
 47.816560 0.00025 0.00025 0 0 0 0 0 0  4  1  3 a 0 0 0 0 0 0  3  0  3 s 88FuDiJo.122
 48.434220 0.00025 0.00025 0 0 0 0 0 0  8  3  6 s 0 0 0 0 0 0  7  4  4 a 88FuDiJo.123
 48.710030 0.00025 0.00025 0 0 0 0 0 0  8  3  6 a 0 0 0 0 0 0  7  4  4 s 88FuDiJo.124
 49.521180 0.00025 0.00025 0 0 0 0 0 0  4  2  3 s 0 0 0 0 0 0  3  1  3 a 88FuDiJo.125
 49.787290 0.00025 0.00025 0 0 0 0 0 0  8  4  5 s 0 0 0 0 0 0  7  5  3 a 88FuDiJo.126
 49.850980 0.00025 0.00025 0 0 0 0 0 0  4  2  3 a 0 0 0 0 0 0  3  1  3 s 88FuDiJo.127
 50.030340 0.00025 0.00025 0 0 0 0 0 0  8  4  5 a 0 0 0 0 0 0  7  5  3 s 88FuDiJo.128
 50.273080 0.00025 0.00025 0 0 0 0 0 0  4  3  1 s 0 0 0 0 0 0  3  2  1 a 88FuDiJo.129
 50.562000 0.00025 0.00025 0 0 0 0 0 0  4  3  1 a 0 0 0 0 0 0  3  2  1 s 88FuDiJo.130
 51.902600 0.00025 0.00025 0 0 0 0 0 0  4  3  2 s 0 0 0 0 0 0  3  2  2 a 88FuDiJo.131
 52.211570 0.00025 0.00025 0 0 0 0 0 0  4  3  2 a 0 0 0 0 0 0  3  2  2 s 88FuDiJo.132
 53.157220 0.00025 0.00025 0 0 0 0 0 0  9  3  7 s 0 0 0 0 0 0  8  4  5 a 88FuDiJo.133
 53.430630 0.00025 0.00025 0 0 0 0 0 0  9  3  7 a 0 0 0 0 0 0  8  4  5 s 88FuDiJo.134
 53.778510 0.00025 0.00025 0 0 0 0 0 0  7  2  5 s 0 0 0 0 0 0  6  3  3 a 88FuDiJo.135
 54.076070 0.00025 0.00025 0 0 0 0 0 0  7  2  5 a 0 0 0 0 0 0  6  3  3 s 88FuDiJo.136
 54.482230 0.00025 0.00025 0 0 0 0 0 0  7  3  4 s 0 0 0 0 0 0  6  4  2 a 88FuDiJo.137
 54.760970 0.00025 0.00025 0 0 0 0 0 0  7  3  4 a 0 0 0 0 0 0  6  4  2 s 88FuDiJo.138
 55.634690 0.00025 0.00025 0 0 0 0 0 0  9  5  5 a 0 0 0 0 0 0  8  6  3 s 88FuDiJo.139
 56.420440 0.00025 0.00025 0 0 0 0 0 0  4  4  0 s 0 0 0 0 0 0  3  3  0 a 88FuDiJo.140
 56.518240 0.00025 0.00025 0 0 0 0 0 0  4  4  1 s 0 0 0 0 0 0  3  3  1 a 88FuDiJo.141
 56.582520 0.00025 0.00025 0 0 0 0 0 0  4  4  1 s 0 0 0 0 0 0  3  3  0 s 88FuDiJo.142
 56.706180 0.00025 0.00025 0 0 0 0 0 0  4  4  0 a 0 0 0 0 0 0  3  3  1 a 88FuDiJo.143
 56.770330 0.00025 0.00025 0 0 0 0 0 0  4  4  0 a 0 0 0 0 0 0  3  3  0 s 88FuDiJo.144
 56.867980 0.00025 0.00025 0 0 0 0 0 0  4  4  1 a 0 0 0 0 0 0  3  3  1 s 88FuDiJo.145
 57.177550 0.00025 0.00025 0 0 0 0 0 0 10  3  8 a 0 0 0 0 0 0  9  4  6 s 88FuDiJo.146
 57.222500 0.00025 0.00025 0 0 0 0 0 0  8  2  6 s 0 0 0 0 0 0  7  3  4 a 88FuDiJo.147
 57.444990 0.00025 0.00025 0 0 0 0 0 0  9  4  6 s 0 0 0 0 0 0  8  5  4 a 88FuDiJo.148
 57.513890 0.00025 0.00025 0 0 0 0 0 0  8  2  6 a 0 0 0 0 0 0  7  3  4 s 88FuDiJo.149
 57.688670 0.00025 0.00025 0 0 0 0 0 0  9  4  6 a 0 0 0 0 0 0  8  5  4 s 88FuDiJo.150
 57.794860 0.00025 0.00025 0 0 0 0 0 0  8  4  4 s 0 0 0 0 0 0  7  5  2 a 88FuDiJo.151
 58.052020 0.00025 0.00025 0 0 0 0 0 0  5  2  3 s 0 0 0 0 0 0  4  1  3 a 88FuDiJo.152
 58.372850 0.00025 0.00025 0 0 0 0 0 0  5  2  3 a 0 0 0 0 0 0  4  1  3 s 88FuDiJo.153
 58.847520 0.00025 0.00025 0 0 0 0 0 0  9  2  7 s 0 0 0 0 0 0  8  3  5 a 88FuDiJo.154
 59.131360 0.00025 0.00025 0 0 0 0 0 0  9  2  7 a 0 0 0 0 0 0  8  3  5 s 88FuDiJo.155
 59.450700 0.00025 0.00025 0 0 0 0 0 0  5  3  2 s 0 0 0 0 0 0  4  2  2 a 88FuDiJo.156
 59.509350 0.00025 0.00025 0 0 0 0 0 0  9  5  4 s 0 0 0 0 0 0  8  6  2 a 88FuDiJo.157
 59.758600 0.00025 0.00025 0 0 0 0 0 0  5  3  2 a 0 0 0 0 0 0  4  2  2 s 88FuDiJo.158
 59.946890 0.00025 0.00025 0 0 0 0 0 0 10  2  8 s 0 0 0 0 0 0  9  3  6 a 88FuDiJo.159
 60.350820 0.00025 0.00025 0 0 0 0 0 0  5  1  4 s 0 0 0 0 0 0  4  0  4 a 88FuDiJo.160
 60.663860 0.00025 0.00025 0 0 0 0 0 0  5  1  4 a 0 0 0 0 0 0  4  0  4 s 88FuDiJo.161
 60.666410 0.00025 0.00025 0 0 0 0 0 0  6  5  1 a 0 0 0 0 0 0  5  4  1 s 88FuDiJo.214
 61.323050 0.00025 0.00025 0 0 0 0 0 0  5  2  4 s 0 0 0 0 0 0  4  1  4 a 88FuDiJo.162
 61.653600 0.00025 0.00025 0 0 0 0 0 0  5  2  4 a 0 0 0 0 0 0  4  1  4 s 88FuDiJo.163
 62.462870 0.00025 0.00025 0 0 0 0 0 0  5  3  3 s 0 0 0 0 0 0  4  2  3 a 88FuDiJo.164
 62.770960 0.00025 0.00025 0 0 0 0 0 0  5  3  3 a 0 0 0 0 0 0  4  2  3 s 88FuDiJo.165
 63.793770 0.00025 0.00025 0 0 0 0 0 0 10  4  7 s 0 0 0 0 0 0  9  5  5 a 88FuDiJo.166
 64.033800 0.00025 0.00025 0 0 0 0 0 0 10  4  7 a 0 0 0 0 0 0  9  5  5 s 88FuDiJo.167
 64.687880 0.00025 0.00025 0 0 0 0 0 0 10  5  6 a 0 0 0 0 0 0  9  6  4 s 88FuDiJo.168
 65.180380 0.00025 0.00025 0 0 0 0 0 0  5  4  2 a 0 0 0 0 0 0  4  3  1 a 88FuDiJo.169
 65.375000 0.00025 0.00025 0 0 0 0 0 0  5  4  1 s 0 0 0 0 0 0  4  3  1 a 88FuDiJo.170
 65.653780 0.00025 0.00025 0 0 0 0 0 0  5  4  1 a 0 0 0 0 0 0  4  3  1 s 88FuDiJo.171
 66.118110 0.00025 0.00025 0 0 0 0 0 0  5  4  2 s 0 0 0 0 0 0  4  3  2 a 88FuDiJo.172
 66.395680 0.00025 0.00025 0 0 0 0 0 0  5  4  2 a 0 0 0 0 0 0  4  3  2 s 88FuDiJo.173
 66.590650 0.00025 0.00025 0 0 0 0 0 0  5  4  1 s 0 0 0 0 0 0  4  3  2 s 88FuDiJo.174
 67.242070 0.00025 0.00025 0 0 0 0 0 0  4  3  1 s 0 0 0 0 0 0  3  0  3 a 88FuDiJo.175
 67.562020 0.00025 0.00025 0 0 0 0 0 0  4  3  1 a 0 0 0 0 0 0  3  0  3 s 88FuDiJo.176
 69.579360 0.00025 0.00025 0 0 0 0 0 0  6  3  3 s 0 0 0 0 0 0  5  2  3 a 88FuDiJo.177
 69.883950 0.00025 0.00025 0 0 0 0 0 0  6  3  3 a 0 0 0 0 0 0  5  2  3 s 88FuDiJo.178
 70.054360 0.00025 0.00025 0 0 0 0 0 0 11  6  6 a 0 0 0 0 0 0 10  7  4 s 88FuDiJo.179
 70.495130 0.00025 0.00025 0 0 0 0 0 0  9  4  5 s 0 0 0 0 0 0  8  5  3 a 88FuDiJo.180
 70.619310 0.00025 0.00025 0 0 0 0 0 0  6  2  4 s 0 0 0 0 0 0  5  1  4 a 88FuDiJo.181
 70.740250 0.00025 0.00025 0 0 0 0 0 0  9  4  5 a 0 0 0 0 0 0  8  5  3 s 88FuDiJo.182
 70.935040 0.00025 0.00025 0 0 0 0 0 0  6  2  4 a 0 0 0 0 0 0  5  1  4 s 88FuDiJo.183
 71.244520 0.00025 0.00025 0 0 0 0 0 0  5  5  0 s 0 0 0 0 0 0  4  4  0 a 88FuDiJo.184
 71.271050 0.00025 0.00025 0 0 0 0 0 0  5  5  1 s 0 0 0 0 0 0  4  4  1 a 88FuDiJo.185
 71.339920 0.00025 0.00025 0 0 0 0 0 0  9  3  6 s 0 0 0 0 0 0  8  4  4 a 88FuDiJo.186
 71.393780 0.00025 0.00025 0 0 0 0 0 0  5  5  1 s 0 0 0 0 0 0  4  4  0 s 88FuDiJo.187
 71.423240 0.00025 0.00025 0 0 0 0 0 0  5  5  0 a 0 0 0 0 0 0  4  4  1 a 88FuDiJo.188
 71.545400 0.00025 0.00025 0 0 0 0 0 0  5  5  0 a 0 0 0 0 0 0  4  4  0 s 88FuDiJo.189
 71.571760 0.00025 0.00025 0 0 0 0 0 0  5  5  1 a 0 0 0 0 0 0  4  4  1 s 88FuDiJo.190
 71.607800 0.00025 0.00025 0 0 0 0 0 0  9  3  6 a 0 0 0 0 0 0  8  4  4 s 88FuDiJo.191
 72.497930 0.00025 0.00025 0 0 0 0 0 0 11  5  7 s 0 0 0 0 0 0 10  6  5 a 88FuDiJo.192
 72.711710 0.00025 0.00025 0 0 0 0 0 0  6  4  3 a 0 0 0 0 0 0  5  3  2 a 88FuDiJo.193
 72.882370 0.00025 0.00025 0 0 0 0 0 0 10  5  5 s 0 0 0 0 0 0  9  6  3 a 88FuDiJo.194
 73.046190 0.00025 0.00025 0 0 0 0 0 0  6  1  5 s 0 0 0 0 0 0  5  0  5 a 88FuDiJo.195
 73.381110 0.00025 0.00025 0 0 0 0 0 0  6  1  5 a 0 0 0 0 0 0  5  0  5 s 88FuDiJo.196
 73.425490 0.00025 0.00025 0 0 0 0 0 0  6  2  5 s 0 0 0 0 0 0  5  1  5 a 88FuDiJo.197
 73.609430 0.00025 0.00025 0 0 0 0 0 0  6  3  4 s 0 0 0 0 0 0  5  2  4 a 88FuDiJo.198
 73.757350 0.00025 0.00025 0 0 0 0 0 0  6  2  5 a 0 0 0 0 0 0  5  1  5 s 88FuDiJo.199
 73.916340 0.00025 0.00025 0 0 0 0 0 0  6  3  4 a 0 0 0 0 0 0  5  2  4 s 88FuDiJo.200
 73.942100 0.00025 0.00025 0 0 0 0 0 0  6  4  2 s 0 0 0 0 0 0  5  3  2 a 88FuDiJo.201
 74.224590 0.00025 0.00025 0 0 0 0 0 0  6  4  2 a 0 0 0 0 0 0  5  3  2 s 88FuDiJo.202
 75.007340 0.00025 0.00025 0 0 0 0 0 0 10  3  7 s 0 0 0 0 0 0  9  4  5 a 88FuDiJo.203
 75.268160 0.00025 0.00025 0 0 0 0 0 0 10  3  7 a 0 0 0 0 0 0  9  4  5 s 88FuDiJo.204
 76.026420 0.00025 0.00025 0 0 0 0 0 0  6  4  3 s 0 0 0 0 0 0  5  3  3 a 88FuDiJo.205
 76.307280 0.00025 0.00025 0 0 0 0 0 0  6  4  3 a 0 0 0 0 0 0  5  3  3 s 88FuDiJo.206
 76.479230 0.00025 0.00025 0 0 0 0 0 0 11  3  8 s 0 0 0 0 0 0 10  4  6 a 88FuDiJo.207
 76.729740 0.00025 0.00025 0 0 0 0 0 0 11  3  8 a 0 0 0 0 0 0 10  4  6 s 88FuDiJo.208
 77.537690 0.00025 0.00025 0 0 0 0 0 0  6  4  2 s 0 0 0 0 0 0  5  3  3 s 88FuDiJo.209
 79.376890 0.00025 0.00025 0 0 0 0 0 0 12  6  7 a 0 0 0 0 0 0 11  7  5 s 88FuDiJo.210
 80.383760 0.00025 0.00025 0 0 0 0 0 0  6  5  1 s 0 0 0 0 0 0  5  4  1 a 88FuDiJo.211
 80.477930 0.00025 0.00025 0 0 0 0 0 0  6  5  2 a 0 0 0 0 0 0  5  4  1 a 88FuDiJo.212
 80.649560 0.00025 0.00025 0 0 0 0 0 0  6  5  2 s 0 0 0 0 0 0  5  4  2 a 88FuDiJo.213
 80.661190 0.00025 0.00025 0 0 0 0 0 0  6  5  1 a 0 0 0 0 0 0  5  4  2 a 88FuDiJo.216
 80.837650 0.00025 0.00025 0 0 0 0 0 0  6  5  1 s 0 0 0 0 0 0  5  4  2 s 88FuDiJo.215
 80.903540 0.00025 0.00025 0 0 0 0 0 0  7  3  4 s 0 0 0 0 0 0  6  2  4 a 88FuDiJo.217
 80.931600 0.00025 0.00025 0 0 0 0 0 0  6  5  2 a 0 0 0 0 0 0  5  4  2 s 88FuDiJo.218
 81.202240 0.00025 0.00025 0 0 0 0 0 0  7  3  4 a 0 0 0 0 0 0  6  2  4 s 88FuDiJo.219
 81.311260 0.00025 0.00025 0 0 0 0 0 0 10  4  6 s 0 0 0 0 0 0  9  5  4 a 88FuDiJo.220
 82.736400 0.00025 0.00025 0 0 0 0 0 0  7  4  3 s 0 0 0 0 0 0  6  3  3 a 88FuDiJo.221
 83.017940 0.00025 0.00025 0 0 0 0 0 0  7  4  3 a 0 0 0 0 0 0  6  3  3 s 88FuDiJo.222
 83.664700 0.00025 0.00025 0 0 0 0 0 0  7  2  5 s 0 0 0 0 0 0  6  1  5 a 88FuDiJo.223
 83.975230 0.00025 0.00025 0 0 0 0 0 0  7  2  5 a 0 0 0 0 0 0  6  1  5 s 88FuDiJo.224
 84.785710 0.00025 0.00025 0 0 0 0 0 0 13  5  9 a 0 0 0 0 0 0 12  6  7 s 88FuDiJo.225
 85.258500 0.00025 0.00025 0 0 0 0 0 0  7  3  5 s 0 0 0 0 0 0  6  2  5 a 88FuDiJo.226
 85.542190 0.00025 0.00025 0 0 0 0 0 0  7  1  6 s 0 0 0 0 0 0  6  0  6 a 88FuDiJo.227
 85.563540 0.00025 0.00025 0 0 0 0 0 0  7  3  5 a 0 0 0 0 0 0  6  2  5 s 88FuDiJo.228
 85.671430 0.00025 0.00025 0 0 0 0 0 0  7  2  6 s 0 0 0 0 0 0  6  1  6 a 88FuDiJo.229
 85.876210 0.00025 0.00025 0 0 0 0 0 0  7  1  6 a 0 0 0 0 0 0  6  0  6 s 88FuDiJo.230
 85.956720 0.00025 0.00025 0 0 0 0 0 0  6  6  0 s 0 0 0 0 0 0  5  5  0 a 88FuDiJo.231
 86.004630 0.00025 0.00025 0 0 0 0 0 0  7  2  6 a 0 0 0 0 0 0  6  1  6 s 88FuDiJo.232
 86.238550 0.00025 0.00025 0 0 0 0 0 0  6  6  0 a 0 0 0 0 0 0  5  5  0 s 88FuDiJo.233
 86.438990 0.00025 0.00025 0 0 0 0 0 0  7  4  4 s 0 0 0 0 0 0  6  3  4 a 88FuDiJo.235
 86.460460 0.00025 0.00025 0 0 0 0 0 0 11  5  6 a 0 0 0 0 0 0 10  6  4 s 88FuDiJo.236
 86.718140 0.00025 0.00025 0 0 0 0 0 0  7  4  4 a 0 0 0 0 0 0  6  3  4 s 88FuDiJo.237
 88.242410 0.00025 0.00025 0 0 0 0 0 0  6  6  1 a 0 0 0 0 0 0  5  5  1 s 88FuDiJo.234
 88.887510 0.00025 0.00025 0 0 0 0 0 0  7  5  3 a 0 0 0 0 0 0  6  4  2 a 88FuDiJo.238
 89.115820 0.00025 0.00025 0 0 0 0 0 0 11  4  7 a 0 0 0 0 0 0 10  5  5 s 88FuDiJo.239
 89.203300 0.00025 0.00025 0 0 0 0 0 0  7  5  2 s 0 0 0 0 0 0  6  4  2 a 88FuDiJo.240
 89.448700 0.00025 0.00025 0 0 0 0 0 0  7  5  2 a 0 0 0 0 0 0  6  4  2 s 88FuDiJo.241
 90.137270 0.00025 0.00025 0 0 0 0 0 0  7  5  3 s 0 0 0 0 0 0  6  4  3 a 88FuDiJo.242
 90.383260 0.00025 0.00025 0 0 0 0 0 0  7  5  3 a 0 0 0 0 0 0  6  4  3 s 88FuDiJo.243
 90.698760 0.00025 0.00025 0 0 0 0 0 0  7  5  2 s 0 0 0 0 0 0  6  4  3 s 88FuDiJo.244
 92.483310 0.00025 0.00025 0 0 0 0 0 0  8  4  4 s 0 0 0 0 0 0  7  3  4 a 88FuDiJo.245
 92.761720 0.00025 0.00025 0 0 0 0 0 0  8  4  4 a 0 0 0 0 0 0  7  3  4 s 88FuDiJo.246
 93.418350 0.00025 0.00025 0 0 0 0 0 0  8  3  5 s 0 0 0 0 0 0  7  2  5 a 88FuDiJo.247
 93.708920 0.00025 0.00025 0 0 0 0 0 0  8  3  5 a 0 0 0 0 0 0  7  2  5 s 88FuDiJo.248
 95.169780 0.00025 0.00025 0 0 0 0 0 0  7  6  1 s 0 0 0 0 0 0  6  5  1 a 88FuDiJo.249
 95.235930 0.00025 0.00025 0 0 0 0 0 0  7  6  2 s 0 0 0 0 0 0  6  5  2 a 88FuDiJo.250
 95.330910 0.00025 0.00025 0 0 0 0 0 0  7  6  2 s 0 0 0 0 0 0  6  5  1 s 88FuDiJo.251
 95.383480 0.00025 0.00025 0 0 0 0 0 0  7  6  1 a 0 0 0 0 0 0  6  5  2 a 88FuDiJo.252
 95.477530 0.00025 0.00025 0 0 0 0 0 0  7  6  1 a 0 0 0 0 0 0  6  5  1 s 88FuDiJo.253
 95.524270 0.00025 0.00025 0 0 0 0 0 0  7  6  2 a 0 0 0 0 0 0  6  5  2 s 88FuDiJo.254
 96.100330 0.00025 0.00025 0 0 0 0 0 0  8  5  4 a 0 0 0 0 0 0  7  4  3 a 88FuDiJo.255
 96.556360 0.00025 0.00025 0 0 0 0 0 0  8  2  6 s 0 0 0 0 0 0  7  1  6 a 88FuDiJo.256
 96.864700 0.00025 0.00025 0 0 0 0 0 0  8  2  6 a 0 0 0 0 0 0  7  1  6 s 88FuDiJo.257
 97.251740 0.00025 0.00025 0 0 0 0 0 0  8  3  6 s 0 0 0 0 0 0  7  2  6 a 88FuDiJo.258
 97.354630 0.00025 0.00025 0 0 0 0 0 0  6  4  2 a 0 0 0 0 0 0  5  1  4 s 88FuDiJo.259
 97.415740 0.00025 0.00025 0 0 0 0 0 0  8  4  5 s 0 0 0 0 0 0  7  3  5 a 88FuDiJo.260
 97.535030 0.00025 0.00025 0 0 0 0 0 0  8  5  3 s 0 0 0 0 0 0  7  4  3 a 88FuDiJo.261
 97.555340 0.00025 0.00025 0 0 0 0 0 0  8  3  6 a 0 0 0 0 0 0  7  2  6 s 88FuDiJo.262
 97.691730 0.00025 0.00025 0 0 0 0 0 0  8  4  5 a 0 0 0 0 0 0  7  3  5 s 88FuDiJo.263
 97.785320 0.00025 0.00025 0 0 0 0 0 0  8  5  3 a 0 0 0 0 0 0  7  4  3 s 88FuDiJo.264
 97.925200 0.00025 0.00025 0 0 0 0 0 0  8  1  7 s 0 0 0 0 0 0  7  0  7 a 88FuDiJo.265
 97.965670 0.00025 0.00025 0 0 0 0 0 0  8  2  7 s 0 0 0 0 0 0  7  1  7 a 88FuDiJo.266
 98.261270 0.00025 0.00025 0 0 0 0 0 0  8  1  7 a 0 0 0 0 0 0  7  0  7 s 88FuDiJo.267
 98.301670 0.00025 0.00025 0 0 0 0 0 0  8  2  7 a 0 0 0 0 0 0  7  1  7 s 88FuDiJo.268
 99.926050 0.00025 0.00025 0 0 0 0 0 0  8  5  4 s 0 0 0 0 0 0  7  4  4 a 88FuDiJo.269
100.172670 0.00025 0.00025 0 0 0 0 0 0  8  5  4 a 0 0 0 0 0 0  7  4  4 s 88FuDiJo.270
100.535910 0.00025 0.00025 0 0 0 0 0 0  7  7  1 a 0 0 0 0 0 0  6  6  1 s 88FuDiJo.273
100.574900 0.00025 0.00025 0 0 0 0 0 0  7  7  0 s 0 0 0 0 0 0  6  6  0 a 88FuDiJo.271
100.574900 0.00025 0.00025 0 0 0 0 0 0  7  7  1 s 0 0 0 0 0 0  6  6  1 a 88FuDiJo.272
100.635910 0.00025 0.00025 0 0 0 0 0 0  7  7  0 a 0 0 0 0 0 0  6  6  0 s 88FuDiJo.274
101.607230 0.00025 0.00025 0 0 0 0 0 0  8  5  3 s 0 0 0 0 0 0  7  4  4 s 88FuDiJo.275
103.529040 0.00025 0.00025 0 0 0 0 0 0  9  4  5 s 0 0 0 0 0 0  8  3  5 a 88FuDiJo.276
103.799710 0.00025 0.00025 0 0 0 0 0 0  9  4  5 a 0 0 0 0 0 0  8  3  5 s 88FuDiJo.277
104.206970 0.00025 0.00025 0 0 0 0 0 0  8  6  2 s 0 0 0 0 0 0  7  5  2 a 88FuDiJo.278
104.299370 0.00025 0.00025 0 0 0 0 0 0  8  6  3 a 0 0 0 0 0 0  7  5  2 a 88FuDiJo.279
104.480240 0.00025 0.00025 0 0 0 0 0 0  8  6  2 a 0 0 0 0 0 0  7  5  2 s 88FuDiJo.280
104.569690 0.00025 0.00025 0 0 0 0 0 0  8  6  3 s 0 0 0 0 0 0  7  5  3 a 88FuDiJo.281
104.749470 0.00025 0.00025 0 0 0 0 0 0  8  6  2 s 0 0 0 0 0 0  7  5  3 s 88FuDiJo.282
104.841730 0.00025 0.00025 0 0 0 0 0 0  8  6  3 a 0 0 0 0 0 0  7  5  3 s 88FuDiJo.283
105.946120 0.00025 0.00025 0 0 0 0 0 0  9  5  4 s 0 0 0 0 0 0  8  4  4 a 88FuDiJo.284
106.197960 0.00025 0.00025 0 0 0 0 0 0  9  5  4 a 0 0 0 0 0 0  8  4  4 s 88FuDiJo.285
106.587530 0.00025 0.00025 0 0 0 0 0 0  9  3  6 s 0 0 0 0 0 0  8  2  6 a 88FuDiJo.286
106.869130 0.00025 0.00025 0 0 0 0 0 0  9  3  6 a 0 0 0 0 0 0  8  2  6 s 88FuDiJo.287
108.907780 0.00025 0.00025 0 0 0 0 0 0  9  4  6 s 0 0 0 0 0 0  8  3  6 a 88FuDiJo.288
109.165370 0.00025 0.00025 0 0 0 0 0 0  9  2  7 s 0 0 0 0 0 0  8  1  7 a 88FuDiJo.289
109.180400 0.00025 0.00025 0 0 0 0 0 0  9  4  6 a 0 0 0 0 0 0  8  3  6 s 88FuDiJo.290
109.426810 0.00025 0.00025 0 0 0 0 0 0  9  3  7 s 0 0 0 0 0 0  8  2  7 a 88FuDiJo.291
109.468600 0.00025 0.00025 0 0 0 0 0 0  9  2  7 a 0 0 0 0 0 0  8  1  7 s 88FuDiJo.292
109.625480 0.00025 0.00025 0 0 0 0 0 0  8  7  1 s 0 0 0 0 0 0  7  6  1 a 88FuDiJo.294
109.730710 0.00025 0.00025 0 0 0 0 0 0  9  3  7 a 0 0 0 0 0 0  8  2  7 s 88FuDiJo.293
109.835730 0.00025 0.00025 0 0 0 0 0 0  8  7  2 s 0 0 0 0 0 0  7  6  2 a 88FuDiJo.295
110.064930 0.00025 0.00025 0 0 0 0 0 0  8  7  1 a 0 0 0 0 0 0  7  6  1 s 88FuDiJo.296
110.094860 0.00025 0.00025 0 0 0 0 0 0  8  7  2 a 0 0 0 0 0 0  7  6  2 s 88FuDiJo.297
110.172660 0.00025 0.00025 0 0 0 0 0 0  9  5  5 s 0 0 0 0 0 0  8  4  5 a 88FuDiJo.298
110.253090 0.00025 0.00025 0 0 0 0 0 0  9  1  8 s 0 0 0 0 0 0  8  0  8 a 88FuDiJo.299
110.265510 0.00025 0.00025 0 0 0 0 0 0  9  2  8 s 0 0 0 0 0 0  8  1  8 a 88FuDiJo.300
110.416990 0.00025 0.00025 0 0 0 0 0 0  9  5  5 a 0 0 0 0 0 0  8  4  5 s 88FuDiJo.301
110.592640 0.00025 0.00025 0 0 0 0 0 0  9  1  8 a 0 0 0 0 0 0  8  0  8 s 88FuDiJo.302
110.603960 0.00025 0.00025 0 0 0 0 0 0  9  2  8 a 0 0 0 0 0 0  8  1  8 s 88FuDiJo.303
112.505850 0.00025 0.00025 0 0 0 0 0 0  9  6  4 a 0 0 0 0 0 0  8  5  3 a 88FuDiJo.304
112.908760 0.00025 0.00025 0 0 0 0 0 0  9  6  3 s 0 0 0 0 0 0  8  5  3 a 88FuDiJo.305
112.916620 0.00025 0.00025 0 0 0 0 0 0  7  4  3 a 0 0 0 0 0 0  6  1  5 s 88FuDiJo.306
113.120070 0.00025 0.00025 0 0 0 0 0 0  9  6  3 a 0 0 0 0 0 0  8  5  3 s 88FuDiJo.307
113.963300 0.00025 0.00025 0 0 0 0 0 0  9  6  4 s 0 0 0 0 0 0  8  5  4 a 88FuDiJo.308
114.171550 0.00025 0.00025 0 0 0 0 0 0  9  6  4 a 0 0 0 0 0 0  8  5  4 s 88FuDiJo.309
114.574100 0.00025 0.00025 0 0 0 0 0 0  9  6  3 s 0 0 0 0 0 0  8  5  4 s 88FuDiJo.310
115.093230 0.00025 0.00025 0 0 0 0 0 0  8  8  0 s 0 0 0 0 0 0  7  7  0 a 88FuDiJo.311
115.093230 0.00025 0.00025 0 0 0 0 0 0  8  8  1 s 0 0 0 0 0 0  7  7  1 a 88FuDiJo.312
115.260600 0.00025 0.00025 0 0 0 0 0 0 10  5  5 s 0 0 0 0 0 0  9  4  5 a 88FuDiJo.313
115.333100 0.00025 0.00025 0 0 0 0 0 0  8  8  1 a 0 0 0 0 0 0  7  7  1 s 88FuDiJo.314
115.333100 0.00025 0.00025 0 0 0 0 0 0  8  8  0 a 0 0 0 0 0 0  7  7  0 s 88FuDiJo.315
115.507650 0.00025 0.00025 0 0 0 0 0 0 10  5  5 a 0 0 0 0 0 0  9  4  5 s 88FuDiJo.316
115.890170 0.00025 0.00025 0 0 0 0 0 0  7  5  2 a 0 0 0 0 0 0  6  2  4 s 88FuDiJo.317
115.900710 0.00025 0.00025 0 0 0 0 0 0 10  4  6 s 0 0 0 0 0 0  9  3  6 a 88FuDiJo.318
116.979720 0.00025 0.00025 0 0 0 0 0 0  9  7  2 s 0 0 0 0 0 0  8  6  2 a 88FuDiJo.319
119.030610 0.00025 0.00025 0 0 0 0 0 0  9  7  3 s 0 0 0 0 0 0  8  6  3 a 88FuDiJo.320
119.122970 0.00025 0.00025 0 0 0 0 0 0  9  7  3 s 0 0 0 0 0 0  8  6  2 s 88FuDiJo.321
119.171170 0.00025 0.00025 0 0 0 0 0 0  9  7  2 a 0 0 0 0 0 0  8  6  3 a 88FuDiJo.322
119.207170 0.00025 0.00025 0 0 0 0 0 0  9  7  2 s 0 0 0 0 0 0  8  6  3 s 88FuDiJo.323
119.263460 0.00025 0.00025 0 0 0 0 0 0  9  7  2 a 0 0 0 0 0 0  8  6  2 s 88FuDiJo.324
119.314030 0.00025 0.00025 0 0 0 0 0 0  9  7  3 a 0 0 0 0 0 0  8  6  3 s 88FuDiJo.325
119.484520 0.00025 0.00025 0 0 0 0 0 0 10  6  5 a 0 0 0 0 0 0  9  5  4 a 88FuDiJo.326
119.675960 0.00025 0.00025 0 0 0 0 0 0 10  3  7 s 0 0 0 0 0 0  9  2  7 a 88FuDiJo.327
119.949550 0.00025 0.00025 0 0 0 0 0 0 10  3  7 a 0 0 0 0 0 0  9  2  7 s 88FuDiJo.328
120.779950 0.00025 0.00025 0 0 0 0 0 0 10  4  7 s 0 0 0 0 0 0  9  3  7 a 88FuDiJo.329
120.964160 0.00025 0.00025 0 0 0 0 0 0 10  5  6 s 0 0 0 0 0 0  9  4  6 a 88FuDiJo.330
121.031730 0.00025 0.00025 0 0 0 0 0 0 10  6  4 s 0 0 0 0 0 0  9  5  4 a 88FuDiJo.331
121.049100 0.00025 0.00025 0 0 0 0 0 0 10  4  7 a 0 0 0 0 0 0  9  3  7 s 88FuDiJo.332
121.204630 0.00025 0.00025 0 0 0 0 0 0 10  5  6 a 0 0 0 0 0 0  9  4  6 s 88FuDiJo.333
121.245750 0.00025 0.00025 0 0 0 0 0 0 10  6  4 a 0 0 0 0 0 0  9  5  4 s 88FuDiJo.334
121.563170 0.00025 0.00025 0 0 0 0 0 0 10  2  8 s 0 0 0 0 0 0  9  1  8 a 88FuDiJo.335
121.675290 0.00025 0.00025 0 0 0 0 0 0 10  3  8 s 0 0 0 0 0 0  9  2  8 a 88FuDiJo.336
121.885640 0.00025 0.00025 0 0 0 0 0 0 10  2  8 a 0 0 0 0 0 0  9  1  8 s 88FuDiJo.337
121.976650 0.00025 0.00025 0 0 0 0 0 0 10  3  8 a 0 0 0 0 0 0  9  2  8 s 88FuDiJo.338
122.550840 0.00025 0.00025 0 0 0 0 0 0 10  2  9 s 0 0 0 0 0 0  9  1  9 a 88FuDiJo.340
122.550840 0.00025 0.00025 0 0 0 0 0 0 10  1  9 s 0 0 0 0 0 0  9  0  9 a 88FuDiJo.339
122.697560 0.00025 0.00025 0 0 0 0 0 0 10  1  9 a 0 0 0 0 0 0  9  0  9 s 88FuDiJo.342
122.897560 0.00025 0.00025 0 0 0 0 0 0 10  2  9 a 0 0 0 0 0 0  9  1  9 s 88FuDiJo.341
123.607730 0.00025 0.00025 0 0 0 0 0 0 10  6  5 s 0 0 0 0 0 0  9  5  5 a 88FuDiJo.343
123.816540 0.00025 0.00025 0 0 0 0 0 0 10  6  5 a 0 0 0 0 0 0  9  5  5 s 88FuDiJo.344
124.341630 0.00025 0.00025 0 0 0 0 0 0  9  8  2 s 0 0 0 0 0 0  8  7  2 a 88FuDiJo.346
124.341830 0.00025 0.00025 0 0 0 0 0 0  9  8  1 s 0 0 0 0 0 0  8  7  1 a 88FuDiJo.345
124.578660 0.00025 0.00025 0 0 0 0 0 0  9  8  1 a 0 0 0 0 0 0  8  7  1 s 88FuDiJo.347
124.578680 0.00025 0.00025 0 0 0 0 0 0  9  8  2 a 0 0 0 0 0 0  8  7  2 s 88FuDiJo.348
125.363860 0.00025 0.00025 0 0 0 0 0 0 10  6  4 s 0 0 0 0 0 0  9  5  5 s 88FuDiJo.349
125.941210 0.00025 0.00025 0 0 0 0 0 0 11  5  6 s 0 0 0 0 0 0 10  4  6 a 88FuDiJo.350
126.160560 0.00025 0.00025 0 0 0 0 0 0 11  5  6 a 0 0 0 0 0 0 10  4  6 s 88FuDiJo.351
126.476600 0.00025 0.00025 0 0 0 0 0 0  8  5  3 s 0 0 0 0 0 0  7  2  5 a 88FuDiJo.352
126.742780 0.00025 0.00025 0 0 0 0 0 0  8  5  3 a 0 0 0 0 0 0  7  2  5 s 88FuDiJo.353
127.975350 0.00025 0.00025 0 0 0 0 0 0 10  7  4 a 0 0 0 0 0 0  9  6  3 a 88FuDiJo.354
128.131570 0.00025 0.00025 0 0 0 0 0 0 10  7  3 a 0 0 0 0 0 0  9  6  3 s 88FuDiJo.355
128.303840 0.00025 0.00025 0 0 0 0 0 0 10  7  4 s 0 0 0 0 0 0  9  6  4 a 88FuDiJo.356
128.458810 0.00025 0.00025 0 0 0 0 0 0 10  7  3 s 0 0 0 0 0 0  9  6  4 s 88FuDiJo.357
128.567990 0.00025 0.00025 0 0 0 0 0 0 10  7  4 a 0 0 0 0 0 0  9  6  4 s 88FuDiJo.358
129.077230 0.00025 0.00025 0 0 0 0 0 0 11  6  5 s 0 0 0 0 0 0 10  5  5 a 88FuDiJo.359
129.120640 0.00025 0.00025 0 0 0 0 0 0 11  4  7 s 0 0 0 0 0 0 10  3  7 a 88FuDiJo.360
129.291910 0.00025 0.00025 0 0 0 0 0 0 11  6  5 a 0 0 0 0 0 0 10  5  5 s 88FuDiJo.361
129.369670 0.00025 0.00025 0 0 0 0 0 0 11  4  7 a 0 0 0 0 0 0 10  3  7 s 88FuDiJo.362
129.501890 0.00025 0.00025 0 0 0 0 0 0  9  9  0 s 0 0 0 0 0 0  8  8  0 a 88FuDiJo.363
129.501890 0.00025 0.00025 0 0 0 0 0 0  9  9  1 s 0 0 0 0 0 0  8  8  1 a 88FuDiJo.364
129.719670 0.00025 0.00025 0 0 0 0 0 0  9  9  0 a 0 0 0 0 0 0  8  8  0 s 88FuDiJo.365
129.719670 0.00025 0.00025 0 0 0 0 0 0  9  9  1 a 0 0 0 0 0 0  8  8  1 s 88FuDiJo.366
132.280240 0.00025 0.00025 0 0 0 0 0 0 11  5  7 s 0 0 0 0 0 0 10  4  7 a 88FuDiJo.367
132.415860 0.00025 0.00025 0 0 0 0 0 0 11  3  8 s 0 0 0 0 0 0 10  2  8 a 88FuDiJo.368
132.516430 0.00025 0.00025 0 0 0 0 0 0 11  5  7 a 0 0 0 0 0 0 10  4  7 s 88FuDiJo.369
132.603190 0.00025 0.00025 0 0 0 0 0 0 11  3  8 a 0 0 0 0 0 0 10  2  8 s 88FuDiJo.370
132.872500 0.00025 0.00025 0 0 0 0 0 0 11  4  8 s 0 0 0 0 0 0 10  3  8 a 88FuDiJo.371
133.137790 0.00025 0.00025 0 0 0 0 0 0 11  4  8 a 0 0 0 0 0 0 10  3  8 s 88FuDiJo.372
133.525050 0.00025 0.00025 0 0 0 0 0 0 10  8  2 s 0 0 0 0 0 0  9  7  2 a 88FuDiJo.373
133.538030 0.00025 0.00025 0 0 0 0 0 0 10  8  3 s 0 0 0 0 0 0  9  7  3 a 88FuDiJo.374
133.646740 0.00025 0.00025 0 0 0 0 0 0 10  8  3 s 0 0 0 0 0 0  9  7  2 s 88FuDiJo.375
133.652770 0.00025 0.00025 0 0 0 0 0 0 10  8  2 a 0 0 0 0 0 0  9  7  3 a 88FuDiJo.376
133.665070 0.00025 0.00025 0 0 0 0 0 0 10  8  2 s 0 0 0 0 0 0  9  7  3 s 88FuDiJo.377
133.669740 0.00025 0.00025 0 0 0 0 0 0 11  6  6 s 0 0 0 0 0 0 10  5  6 a 88FuDiJo.378
133.760700 0.00025 0.00025 0 0 0 0 0 0 10  8  2 a 0 0 0 0 0 0  9  7  2 s 88FuDiJo.379
133.773820 0.00025 0.00025 0 0 0 0 0 0 10  8  3 a 0 0 0 0 0 0  9  7  3 s 88FuDiJo.380
133.900940 0.00025 0.00025 0 0 0 0 0 0 11  2  9 s 0 0 0 0 0 0 10  1  9 a 88FuDiJo.381
133.931070 0.00025 0.00025 0 0 0 0 0 0 11  3  9 s 0 0 0 0 0 0 10  2  9 a 88FuDiJo.382
134.202570 0.00025 0.00025 0 0 0 0 0 0 11  2  9 a 0 0 0 0 0 0 10  1  9 s 88FuDiJo.383
134.232540 0.00025 0.00025 0 0 0 0 0 0 11  3  9 a 0 0 0 0 0 0 10  2  9 s 88FuDiJo.384
134.624900 0.00025 0.00025 0 0 0 0 0 0 11  2 10 s 0 0 0 0 0 0 10  1 10 a 88FuDiJo.385
134.624900 0.00025 0.00025 0 0 0 0 0 0 11  1 10 s 0 0 0 0 0 0 10  0 10 a 88FuDiJo.386
135.175600 0.00025 0.00025 0 0 0 0 0 0 11  1 10 a 0 0 0 0 0 0 10  0 10 s 88FuDiJo.388
135.175600 0.00025 0.00025 0 0 0 0 0 0 11  2 10 a 0 0 0 0 0 0 10  1 10 s 88FuDiJo.387
136.641660 0.00025 0.00025 0 0 0 0 0 0 11  7  4 a 0 0 0 0 0 0 10  6  4 s 88FuDiJo.390
137.579200 0.00025 0.00025 0 0 0 0 0 0 11  7  5 s 0 0 0 0 0 0 10  6  5 a 88FuDiJo.391
137.750160 0.00025 0.00025 0 0 0 0 0 0 11  7  5 a 0 0 0 0 0 0 10  6  5 s 88FuDiJo.392
137.914620 0.00025 0.00025 0 0 0 0 0 0 12  6  6 s 0 0 0 0 0 0 11  5  6 a 88FuDiJo.393
138.072460 0.00025 0.00025 0 0 0 0 0 0 12  5  7 s 0 0 0 0 0 0 11  4  7 a 88FuDiJo.394
138.127290 0.00025 0.00025 0 0 0 0 0 0 12  6  6 a 0 0 0 0 0 0 11  5  6 s 88FuDiJo.395
138.300950 0.00025 0.00025 0 0 0 0 0 0 12  5  7 a 0 0 0 0 0 0 11  4  7 s 88FuDiJo.396
138.468660 0.00025 0.00025 0 0 0 0 0 0 11  7  4 s 0 0 0 0 0 0 10  6  4 a 88FuDiJo.389
138.739200 0.00025 0.00025 0 0 0 0 0 0 10  9  1 s 0 0 0 0 0 0  9  8  1 a 88FuDiJo.398
138.739200 0.00025 0.00025 0 0 0 0 0 0 10  9  2 s 0 0 0 0 0 0  9  8  2 a 88FuDiJo.397
138.954570 0.00025 0.00025 0 0 0 0 0 0 10  9  1 a 0 0 0 0 0 0  9  8  1 s 88FuDiJo.399
138.954570 0.00025 0.00025 0 0 0 0 0 0 10  9  2 a 0 0 0 0 0 0  9  8  2 s 88FuDiJo.400
140.352800 0.00025 0.00025 0 0 0 0 0 0 13  6  7 a 0 0 0 0 0 0 12  5  7 s 88FuDiJo.439
141.458250 0.00025 0.00025 0 0 0 0 0 0  9  5  4 a 0 0 0 0 0 0  8  2  6 s 88FuDiJo.401
142.384300 0.00025 0.00025 0 0 0 0 0 0 12  4  8 s 0 0 0 0 0 0 11  3  8 a 88FuDiJo.402
142.585370 0.00025 0.00025 0 0 0 0 0 0 11  8  3 s 0 0 0 0 0 0 10  7  3 a 88FuDiJo.403
142.621630 0.00025 0.00025 0 0 0 0 0 0 12  4  8 a 0 0 0 0 0 0 11  3  8 s 88FuDiJo.404
142.628980 0.00025 0.00025 0 0 0 0 0 0 11  8  4 s 0 0 0 0 0 0 10  7  4 a 88FuDiJo.405
142.737980 0.00025 0.00025 0 0 0 0 0 0 11  8  4 s 0 0 0 0 0 0 10  7  3 s 88FuDiJo.406
142.759580 0.00025 0.00025 0 0 0 0 0 0 11  8  3 a 0 0 0 0 0 0 10  7  4 a 88FuDiJo.407
142.868460 0.00025 0.00025 0 0 0 0 0 0 11  8  3 a 0 0 0 0 0 0 10  7  3 s 88FuDiJo.408
142.912050 0.00025 0.00025 0 0 0 0 0 0 12  8  4 a 0 0 0 0 0 0 10  7  4 s 88FuDiJo.409
143.707750 0.00025 0.00025 0 0 0 0 0 0 10 10  0 s 0 0 0 0 0 0  9  9  0 a 88FuDiJo.410
143.707750 0.00025 0.00025 0 0 0 0 0 0 10 10  1 s 0 0 0 0 0 0  9  9  1 a 88FuDiJo.411
143.903490 0.00025 0.00025 0 0 0 0 0 0 10 10  1 a 0 0 0 0 0 0  9  9  1 s 88FuDiJo.412
143.983490 0.00025 0.00025 0 0 0 0 0 0 10 10  0 a 0 0 0 0 0 0  9  9  0 s 88FuDiJo.413
144.008740 0.00025 0.00025 0 0 0 0 0 0 12  5  8 s 0 0 0 0 0 0 11  4  8 a 88FuDiJo.414
144.239490 0.00025 0.00025 0 0 0 0 0 0 12  5  8 a 0 0 0 0 0 0 11  4  8 s 88FuDiJo.415
144.256040 0.00025 0.00025 0 0 0 0 0 0 12  6  7 s 0 0 0 0 0 0 11  5  7 a 88FuDiJo.416
144.407930 0.00025 0.00025 0 0 0 0 0 0 12  7  5 s 0 0 0 0 0 0 11  6  5 a 88FuDiJo.417
144.458340 0.00025 0.00025 0 0 0 0 0 0 12  6  7 a 0 0 0 0 0 0 11  5  7 s 88FuDiJo.418
144.584240 0.00025 0.00025 0 0 0 0 0 0 12  7  5 a 0 0 0 0 0 0 11  6  5 s 88FuDiJo.419
144.885290 0.00025 0.00025 0 0 0 0 0 0 12  3  9 s 0 0 0 0 0 0 11  2  9 a 88FuDiJo.420
145.057610 0.00025 0.00025 0 0 0 0 0 0 12  4  9 s 0 0 0 0 0 0 11  3  9 a 88FuDiJo.421
145.147680 0.00025 0.00025 0 0 0 0 0 0 12  3  9 a 0 0 0 0 0 0 11  2  9 s 88FuDiJo.422
145.319300 0.00025 0.00025 0 0 0 0 0 0 12  4  9 a 0 0 0 0 0 0 11  3  9 s 88FuDiJo.423
146.160950 0.00025 0.00025 0 0 0 0 0 0 12  2 10 s 0 0 0 0 0 0 11  1 10 a 88FuDiJo.424
146.170540 0.00025 0.00025 0 0 0 0 0 0 12  3 10 s 0 0 0 0 0 0 11  2 10 a 88FuDiJo.425
146.463760 0.00025 0.00025 0 0 0 0 0 0 12  2 10 a 0 0 0 0 0 0 11  1 10 s 88FuDiJo.426
146.473450 0.00025 0.00025 0 0 0 0 0 0 12  3 10 a 0 0 0 0 0 0 11  2 10 s 88FuDiJo.427
147.064210 0.00025 0.00025 0 0 0 0 0 0 12  7  6 s 0 0 0 0 0 0 11  6  6 a 88FuDiJo.428
147.070250 0.00025 0.00025 0 0 0 0 0 0 12  2 11 s 0 0 0 0 0 0 11  1 11 a 88FuDiJo.430
147.078250 0.00025 0.00025 0 0 0 0 0 0 12  1 11 s 0 0 0 0 0 0 11  0 11 a 88FuDiJo.429
147.233930 0.00025 0.00025 0 0 0 0 0 0 12  7  6 a 0 0 0 0 0 0 11  6  6 s 88FuDiJo.431
147.436300 0.00025 0.00025 0 0 0 0 0 0 12  1 11 a 0 0 0 0 0 0 11  0 11 s 88FuDiJo.432
147.436300 0.00025 0.00025 0 0 0 0 0 0 12  2 11 a 0 0 0 0 0 0 11  1 11 s 88FuDiJo.433
147.923600 0.00025 0.00025 0 0 0 0 0 0 11  9  2 s 0 0 0 0 0 0 10  8  2 a 88FuDiJo.435
147.923600 0.00025 0.00025 0 0 0 0 0 0 11  9  3 s 0 0 0 0 0 0 10  8  3 a 88FuDiJo.434
148.134900 0.00025 0.00025 0 0 0 0 0 0 11  9  2 a 0 0 0 0 0 0 10  8  2 s 88FuDiJo.437
148.134900 0.00025 0.00025 0 0 0 0 0 0 11  9  3 a 0 0 0 0 0 0 10  8  3 s 88FuDiJo.436
148.146550 0.00025 0.00025 0 0 0 0 0 0 13  6  7 s 0 0 0 0 0 0 12  5  7 a 88FuDiJo.438
151.029840 0.00025 0.00025 0 0 0 0 0 0 12  8  5 s 0 0 0 0 0 0 11  7  5 a 88FuDiJo.445
151.254080 0.00025 0.00025 0 0 0 0 0 0 13  5  8 s 0 0 0 0 0 0 12  4  8 a 88FuDiJo.440
151.343030 0.00025 0.00025 0 0 0 0 0 0 12  8  4 s 0 0 0 0 0 0 11  7  4 a 88FuDiJo.441
151.470030 0.00025 0.00025 0 0 0 0 0 0 12  8  5 a 0 0 0 0 0 0 11  7  4 a 88FuDiJo.442
151.470030 0.00025 0.00025 0 0 0 0 0 0 13  5  8 a 0 0 0 0 0 0 12  4  8 s 88FuDiJo.443
151.595920 0.00025 0.00025 0 0 0 0 0 0 12  8  4 a 0 0 0 0 0 0 11  7  4 s 88FuDiJo.444
151.952740 0.00025 0.00025 0 0 0 0 0 0 12  8  4 s 0 0 0 0 0 0 11  7  5 s 88FuDiJo.446
152.080850 0.00025 0.00025 0 0 0 0 0 0 12  8  5 a 0 0 0 0 0 0 11  7  5 s 88FuDiJo.447
152.111660 0.00025 0.00025 0 0 0 0 0 0 13  7  6 s 0 0 0 0 0 0 12  6  6 a 88FuDiJo.448
152.209350 0.00025 0.00025 0 0 0 0 0 0 13  7  6 a 0 0 0 0 0 0 12  6  6 s 88FuDiJo.449
153.012560 0.00025 0.00025 0 0 0 0 0 0 11 10  2 s 0 0 0 0 0 0 10  9  2 a 88FuDiJo.450
153.012560 0.00025 0.00025 0 0 0 0 0 0 11 10  1 s 0 0 0 0 0 0 10  9  1 a 88FuDiJo.451
153.205030 0.00025 0.00025 0 0 0 0 0 0 11 10  1 a 0 0 0 0 0 0 10  9  1 s 88FuDiJo.452
153.205030 0.00025 0.00025 0 0 0 0 0 0 11 10  2 a 0 0 0 0 0 0 10  9  2 s 88FuDiJo.453
155.270220 0.00025 0.00025 0 0 0 0 0 0 13  4  9 s 0 0 0 0 0 0 12  3  9 a 88FuDiJo.454
155.372360 0.00025 0.00025 0 0 0 0 0 0 13  6  8 s 0 0 0 0 0 0 12  5  8 a 88FuDiJo.455
155.498640 0.00025 0.00025 0 0 0 0 0 0 13  4  9 a 0 0 0 0 0 0 12  3  9 s 88FuDiJo.456
155.569310 0.00025 0.00025 0 0 0 0 0 0 13  6  8 a 0 0 0 0 0 0 12  5  8 s 88FuDiJo.457
155.621510 0.00025 0.00025 0 0 0 0 0 0 10  6  4 s 0 0 0 0 0 0  9  3  6 a 88FuDiJo.458
155.994070 0.00025 0.00025 0 0 0 0 0 0 13  5  9 s 0 0 0 0 0 0 12  4  9 a 88FuDiJo.459
156.210700 0.00025 0.00025 0 0 0 0 0 0 13  5  9 a 0 0 0 0 0 0 12  4  9 s 88FuDiJo.460
156.666610 0.00025 0.00025 0 0 0 0 0 0 13  2 11 a 0 0 0 0 0 0 12  1 11 s 88FuDiJo.477
156.924700 0.00025 0.00025 0 0 0 0 0 0 13  7  7 s 0 0 0 0 0 0 12  6  7 a 88FuDiJo.461
157.022590 0.00025 0.00025 0 0 0 0 0 0 12  9  3 s 0 0 0 0 0 0 11  8  3 a 88FuDiJo.462
157.036570 0.00025 0.00025 0 0 0 0 0 0 12  9  4 s 0 0 0 0 0 0 11  8  4 a 88FuDiJo.463
157.092000 0.00025 0.00025 0 0 0 0 0 0 13  7  7 a 0 0 0 0 0 0 12  6  7 s 88FuDiJo.464
157.196200 0.00025 0.00025 0 0 0 0 0 0 13  3 10 s 0 0 0 0 0 0 12  2 10 a 88FuDiJo.465
157.234700 0.00025 0.00025 0 0 0 0 0 0 12  9  3 a 0 0 0 0 0 0 11  8  3 s 88FuDiJo.466
157.246730 0.00025 0.00025 0 0 0 0 0 0 12  9  4 a 0 0 0 0 0 0 11  8  4 s 88FuDiJo.467
157.256790 0.00025 0.00025 0 0 0 0 0 0 13  4 10 s 0 0 0 0 0 0 12  3 10 a 88FuDiJo.468
157.456510 0.00025 0.00025 0 0 0 0 0 0 13  3 10 a 0 0 0 0 0 0 12  2 10 s 88FuDiJo.469
157.517490 0.00025 0.00025 0 0 0 0 0 0 13  4 10 a 0 0 0 0 0 0 12  3 10 s 88FuDiJo.470
157.941500 0.00025 0.00025 0 0 0 0 0 0 11 11  0 s 0 0 0 0 0 0 10 10  0 a 88FuDiJo.471
157.941500 0.00025 0.00025 0 0 0 0 0 0 11 11  1 s 0 0 0 0 0 0 10 10  1 a 88FuDiJo.472
158.114640 0.00025 0.00025 0 0 0 0 0 0 11 11  1 a 0 0 0 0 0 0 10 10  1 s 88FuDiJo.473
158.114640 0.00025 0.00025 0 0 0 0 0 0 11 11  0 a 0 0 0 0 0 0 10 10  0 s 88FuDiJo.474
158.383400 0.00025 0.00025 0 0 0 0 0 0 13  3 11 s 0 0 0 0 0 0 12  2 11 a 88FuDiJo.476
158.383480 0.00025 0.00025 0 0 0 0 0 0 13  2 11 s 0 0 0 0 0 0 12  1 11 a 88FuDiJo.475
158.686010 0.00025 0.00025 0 0 0 0 0 0 13  3 11 a 0 0 0 0 0 0 12  2 11 s 88FuDiJo.478
159.312100 0.00025 0.00025 0 0 0 0 0 0 13  1 12 s 0 0 0 0 0 0 12  0 12 a 88FuDiJo.480
159.312180 0.00025 0.00025 0 0 0 0 0 0 13  2 12 s 0 0 0 0 0 0 12  1 12 a 88FuDiJo.479
159.678590 0.00025 0.00025 0 0 0 0 0 0 13  1 12 a 0 0 0 0 0 0 12  0 12 s 88FuDiJo.481
159.678590 0.00025 0.00025 0 0 0 0 0 0 13  2 12 a 0 0 0 0 0 0 12  1 12 s 88FuDiJo.482
159.852690 0.00025 0.00025 0 0 0 0 0 0 13  8  5 s 0 0 0 0 0 0 12  7  5 a 88FuDiJo.483
159.936060 0.00025 0.00025 0 0 0 0 0 0 14  6  8 s 0 0 0 0 0 0 13  5  8 a 88FuDiJo.484
159.987720 0.00025 0.00025 0 0 0 0 0 0 13  8  5 a 0 0 0 0 0 0 12  7  5 s 88FuDiJo.485
160.131070 0.00025 0.00025 0 0 0 0 0 0 14  6  8 a 0 0 0 0 0 0 13  5  8 s 88FuDiJo.486
160.447790 0.00025 0.00025 0 0 0 0 0 0 14  7  7 s 0 0 0 0 0 0 13  6  7 a 88FuDiJo.487
160.624590 0.00025 0.00025 0 0 0 0 0 0 14  7  7 a 0 0 0 0 0 0 13  6  7 s 88FuDiJo.488
160.971040 0.00025 0.00025 0 0 0 0 0 0 13  8  6 s 0 0 0 0 0 0 12  7  6 a 88FuDiJo.489
161.103350 0.00025 0.00025 0 0 0 0 0 0 13  8  6 a 0 0 0 0 0 0 12  7  6 s 88FuDiJo.490
162.184690 0.00025 0.00025 0 0 0 0 0 0 12 10  3 s 0 0 0 0 0 0 11  9  3 a 88FuDiJo.492
162.184890 0.00025 0.00025 0 0 0 0 0 0 12 10  2 s 0 0 0 0 0 0 11  9  2 a 88FuDiJo.491
162.374450 0.00025 0.00025 0 0 0 0 0 0 12 10  3 a 0 0 0 0 0 0 11  9  3 s 88FuDiJo.493
162.374450 0.00025 0.00025 0 0 0 0 0 0 12 10  2 a 0 0 0 0 0 0 11  9  2 s 88FuDiJo.494
164.055240 0.00025 0.00025 0 0 0 0 0 0 14  5  9 a 0 0 0 0 0 0 13  4  9 s 88FuDiJo.496
164.654010 0.00025 0.00025 0 0 0 0 0 0 14  5  9 s 0 0 0 0 0 0 13  4  9 a 88FuDiJo.495
165.979130 0.00025 0.00025 0 0 0 0 0 0 13  9  4 s 0 0 0 0 0 0 12  8  4 a 88FuDiJo.497
166.012750 0.00025 0.00025 0 0 0 0 0 0 13  9  5 s 0 0 0 0 0 0 12  8  5 a 88FuDiJo.498
166.097690 0.00025 0.00025 0 0 0 0 0 0 14  5 10 s 0 0 0 0 0 0 13  4 10 a 88FuDiJo.515
166.130740 0.00025 0.00025 0 0 0 0 0 0 13  9  4 a 0 0 0 0 0 0 12  8  5 a 88FuDiJo.499
166.140620 0.00025 0.00025 0 0 0 0 0 0 13  9  5 s 0 0 0 0 0 0 12  8  4 s 88FuDiJo.500
166.258540 0.00025 0.00025 0 0 0 0 0 0 13  9  4 a 0 0 0 0 0 0 12  8  4 s 88FuDiJo.501
166.291540 0.00025 0.00025 0 0 0 0 0 0 13  9  5 a 0 0 0 0 0 0 12  8  5 s 88FuDiJo.502
166.928250 0.00025 0.00025 0 0 0 0 0 0 14  6  9 s 0 0 0 0 0 0 13  5  9 a 88FuDiJo.503
167.118070 0.00025 0.00025 0 0 0 0 0 0 14  6  9 a 0 0 0 0 0 0 13  5  9 s 88FuDiJo.504
167.150240 0.00025 0.00025 0 0 0 0 0 0 12 11  1 s 0 0 0 0 0 0 11 10  1 a 88FuDiJo.505
167.150240 0.00025 0.00025 0 0 0 0 0 0 12 11  2 s 0 0 0 0 0 0 11 10  2 a 88FuDiJo.506
167.283560 0.00025 0.00025 0 0 0 0 0 0 14  7  8 s 0 0 0 0 0 0 13  6  8 a 88FuDiJo.507
167.321250 0.00025 0.00025 0 0 0 0 0 0 12 11  1 a 0 0 0 0 0 0 11 10  1 s 88FuDiJo.508
167.321250 0.00025 0.00025 0 0 0 0 0 0 12 11  2 a 0 0 0 0 0 0 11 10  2 s 88FuDiJo.509
167.443520 0.00025 0.00025 0 0 0 0 0 0 14  7  8 a 0 0 0 0 0 0 13  6  8 s 88FuDiJo.510
167.637510 0.00025 0.00025 0 0 0 0 0 0 14  8  6 s 0 0 0 0 0 0 13  7  6 a 88FuDiJo.511
167.775790 0.00025 0.00025 0 0 0 0 0 0 14  8  6 a 0 0 0 0 0 0 13  7  6 s 88FuDiJo.512
167.804640 0.00025 0.00025 0 0 0 0 0 0 14  4 10 s 0 0 0 0 0 0 13  3 10 a 88FuDiJo.513
168.025590 0.00025 0.00025 0 0 0 0 0 0 14  4 10 a 0 0 0 0 0 0 13  3 10 s 88FuDiJo.514
168.316950 0.00025 0.00025 0 0 0 0 0 0 14  5 10 a 0 0 0 0 0 0 13  4 10 s 88FuDiJo.516
169.416600 0.00025 0.00025 0 0 0 0 0 0 14  3 11 s 0 0 0 0 0 0 13  2 11 a 88FuDiJo.517
169.439770 0.00025 0.00025 0 0 0 0 0 0 14  4 11 s 0 0 0 0 0 0 13  3 11 a 88FuDiJo.518
169.675340 0.00025 0.00025 0 0 0 0 0 0 14  3 11 a 0 0 0 0 0 0 13  2 11 s 88FuDiJo.519
169.696320 0.00025 0.00025 0 0 0 0 0 0 14  4 11 a 0 0 0 0 0 0 13  3 11 s 88FuDiJo.520
170.154360 0.00025 0.00025 0 0 0 0 0 0 15  7  8 s 0 0 0 0 0 0 14  6  8 a 88FuDiJo.521
170.281550 0.00025 0.00025 0 0 0 0 0 0 14  8  7 s 0 0 0 0 0 0 13  7  7 a 88FuDiJo.522
170.325840 0.00025 0.00025 0 0 0 0 0 0 15  7  8 a 0 0 0 0 0 0 14  6  8 s 88FuDiJo.523
170.413320 0.00025 0.00025 0 0 0 0 0 0 14  8  7 a 0 0 0 0 0 0 13  7  7 s 88FuDiJo.524
170.570060 0.00025 0.00025 0 0 0 0 0 0 14  3 12 s 0 0 0 0 0 0 13  2 12 a 88FuDiJo.525
170.570060 0.00025 0.00025 0 0 0 0 0 0 14  2 12 s 0 0 0 0 0 0 13  1 12 a 88FuDiJo.526
170.677570 0.00025 0.00025 0 0 0 0 0 0 14  2 12 a 0 0 0 0 0 0 13  1 12 s 88FuDiJo.528
170.877570 0.00025 0.00025 0 0 0 0 0 0 14  3 12 a 0 0 0 0 0 0 13  2 12 s 88FuDiJo.527
171.288650 0.00025 0.00025 0 0 0 0 0 0 13 10  4 s 0 0 0 0 0 0 12  9  4 a 88FuDiJo.530
171.288660 0.00025 0.00025 0 0 0 0 0 0 13 10  3 s 0 0 0 0 0 0 12  9  3 a 88FuDiJo.529
171.474110 0.00025 0.00025 0 0 0 0 0 0 13 10  3 a 0 0 0 0 0 0 12  9  3 s 88FuDiJo.531
171.474110 0.00025 0.00025 0 0 0 0 0 0 13 10  4 a 0 0 0 0 0 0 12  9  4 s 88FuDiJo.532
171.524900 0.00025 0.00025 0 0 0 0 0 0 14  2 13 s 0 0 0 0 0 0 13  1 13 a 88FuDiJo.533
171.524980 0.00025 0.00025 0 0 0 0 0 0 14  1 13 s 0 0 0 0 0 0 13  0 13 a 88FuDiJo.534
171.902220 0.00025 0.00025 0 0 0 0 0 0 14  1 13 a 0 0 0 0 0 0 13  0 13 s 88FuDiJo.535
171.902220 0.00025 0.00025 0 0 0 0 0 0 14  2 13 a 0 0 0 0 0 0 13  1 13 s 88FuDiJo.536
171.951330 0.00025 0.00025 0 0 0 0 0 0 12 12  0 s 0 0 0 0 0 0 11 11  0 a 88FuDiJo.537
171.951330 0.00025 0.00025 0 0 0 0 0 0 12 12  1 s 0 0 0 0 0 0 11 11  1 a 88FuDiJo.538
172.103090 0.00025 0.00025 0 0 0 0 0 0 12 12  0 a 0 0 0 0 0 0 11 11  0 s 88FuDiJo.539
172.103090 0.00025 0.00025 0 0 0 0 0 0 12 12  1 a 0 0 0 0 0 0 11 11  1 s 88FuDiJo.540
172.976550 0.00025 0.00025 0 0 0 0 0 0 15  6  9 s 0 0 0 0 0 0 14  5  9 a 88FuDiJo.541
173.157350 0.00025 0.00025 0 0 0 0 0 0 15  6  9 a 0 0 0 0 0 0 14  5  9 s 88FuDiJo.542
174.614470 0.00025 0.00025 0 0 0 0 0 0 14  9  5 s 0 0 0 0 0 0 13  8  5 a 88FuDiJo.543
174.756000 0.00025 0.00025 0 0 0 0 0 0 14  9  6 a 0 0 0 0 0 0 13  8  5 a 88FuDiJo.544
174.848920 0.00025 0.00025 0 0 0 0 0 0 14  9  5 a 0 0 0 0 0 0 13  8  5 s 88FuDiJo.545
175.035900 0.00025 0.00025 0 0 0 0 0 0 15  8  7 s 0 0 0 0 0 0 14  7  7 a 88FuDiJo.546
175.122180 0.00025 0.00025 0 0 0 0 0 0 14  9  6 s 0 0 0 0 0 0 13  8  6 a 88FuDiJo.547
175.177210 0.00025 0.00025 0 0 0 0 0 0 15  8  7 a 0 0 0 0 0 0 14  7  7 s 88FuDiJo.548
175.214200 0.00025 0.00025 0 0 0 0 0 0 14  9  5 s 0 0 0 0 0 0 13  8  6 s 88FuDiJo.549
175.355720 0.00025 0.00025 0 0 0 0 0 0 14  9  6 a 0 0 0 0 0 0 13  8  6 s 88FuDiJo.550
176.307970 0.00025 0.00025 0 0 0 0 0 0 13 11  2 s 0 0 0 0 0 0 12 10  2 a 88FuDiJo.551
176.307970 0.00025 0.00025 0 0 0 0 0 0 13 11  3 s 0 0 0 0 0 0 12 10  3 a 88FuDiJo.552
176.475860 0.00025 0.00025 0 0 0 0 0 0 13 11  2 a 0 0 0 0 0 0 12 10  2 s 88FuDiJo.553
176.475860 0.00025 0.00025 0 0 0 0 0 0 13 11  3 a 0 0 0 0 0 0 12 10  3 s 88FuDiJo.554
177.693760 0.00025 0.00025 0 0 0 0 0 0 15  5 10 s 0 0 0 0 0 0 14  4 10 a 88FuDiJo.555
177.883400 0.00025 0.00025 0 0 0 0 0 0 15  5 10 a 0 0 0 0 0 0 14  4 10 s 88FuDiJo.556
178.172220 0.00025 0.00025 0 0 0 0 0 0 15  7  9 s 0 0 0 0 0 0 14  6  9 a 88FuDiJo.557
178.330870 0.00025 0.00025 0 0 0 0 0 0 15  7  9 a 0 0 0 0 0 0 14  6  9 s 88FuDiJo.558
178.777520 0.00025 0.00025 0 0 0 0 0 0 15  6 10 s 0 0 0 0 0 0 14  5 10 a 88FuDiJo.559
178.961470 0.00025 0.00025 0 0 0 0 0 0 15  6 10 a 0 0 0 0 0 0 14  5 10 s 88FuDiJo.560
179.924790 0.00025 0.00025 0 0 0 0 0 0 15  8  8 s 0 0 0 0 0 0 14  7  8 a 88FuDiJo.561
180.054710 0.00025 0.00025 0 0 0 0 0 0 15  8  8 a 0 0 0 0 0 0 14  7  8 s 88FuDiJo.562
180.116780 0.00025 0.00025 0 0 0 0 0 0 15  4 11 s 0 0 0 0 0 0 14  3 11 a 88FuDiJo.563
180.228290 0.00025 0.00025 0 0 0 0 0 0 15  5 11 s 0 0 0 0 0 0 14  4 11 a 88FuDiJo.564
180.291560 0.00025 0.00025 0 0 0 0 0 0 14 10  4 s 0 0 0 0 0 0 13  9  4 a 88FuDiJo.565
180.304240 0.00025 0.00025 0 0 0 0 0 0 14 10  5 s 0 0 0 0 0 0 13  9  5 a 88FuDiJo.566
180.332050 0.00025 0.00025 0 0 0 0 0 0 15  4 11 a 0 0 0 0 0 0 14  3 11 s 88FuDiJo.567
180.442540 0.00025 0.00025 0 0 0 0 0 0 15  5 11 a 0 0 0 0 0 0 14  4 11 s 88FuDiJo.568
180.480650 0.00025 0.00025 0 0 0 0 0 0 14 10  4 a 0 0 0 0 0 0 13  9  4 s 88FuDiJo.569
180.493330 0.00025 0.00025 0 0 0 0 0 0 14 10  5 a 0 0 0 0 0 0 13  9  5 s 88FuDiJo.570
181.143420 0.00025 0.00025 0 0 0 0 0 0 13 12  1 s 0 0 0 0 0 0 12 11  1 a 88FuDiJo.572
181.143420 0.00025 0.00025 0 0 0 0 0 0 13 12  2 s 0 0 0 0 0 0 12 11  2 a 88FuDiJo.571
181.293130 0.00025 0.00025 0 0 0 0 0 0 13 12  1 a 0 0 0 0 0 0 12 11  1 s 88FuDiJo.574
181.293130 0.00025 0.00025 0 0 0 0 0 0 13 12  2 a 0 0 0 0 0 0 12 11  2 s 88FuDiJo.573
181.580110 0.00025 0.00025 0 0 0 0 0 0 15  3 12 s 0 0 0 0 0 0 14  2 12 a 88FuDiJo.575
181.586660 0.00025 0.00025 0 0 0 0 0 0 15  4 12 s 0 0 0 0 0 0 14  3 12 a 88FuDiJo.576
181.835330 0.00025 0.00025 0 0 0 0 0 0 15  3 12 a 0 0 0 0 0 0 14  2 12 s 88FuDiJo.577
181.842140 0.00025 0.00025 0 0 0 0 0 0 15  4 12 a 0 0 0 0 0 0 14  3 12 s 88FuDiJo.578
182.728220 0.00025 0.00025 0 0 0 0 0 0 15  2 13 s 0 0 0 0 0 0 14  1 13 a 88FuDiJo.579
182.728220 0.00025 0.00025 0 0 0 0 0 0 15  3 13 s 0 0 0 0 0 0 14  2 13 a 88FuDiJo.580
182.864330 0.00025 0.00025 0 0 0 0 0 0 16  8  8 s 0 0 0 0 0 0 15  7  8 a 88FuDiJo.581
183.002990 0.00025 0.00025 0 0 0 0 0 0 16  8  8 a 0 0 0 0 0 0 15  7  8 s 88FuDiJo.582
183.033940 0.00025 0.00025 0 0 0 0 0 0 15  9  6 s 0 0 0 0 0 0 14  8  6 a 88FuDiJo.583
183.039560 0.00025 0.00025 0 0 0 0 0 0 15  3 13 a 0 0 0 0 0 0 14  2 13 s 88FuDiJo.584
183.039560 0.00025 0.00025 0 0 0 0 0 0 15  2 13 a 0 0 0 0 0 0 14  1 13 s 88FuDiJo.585
183.132730 0.00025 0.00025 0 0 0 0 0 0 15  9  6 a 0 0 0 0 0 0 14  8  6 s 88FuDiJo.586
183.718640 0.00025 0.00025 0 0 0 0 0 0 15  1 14 s 0 0 0 0 0 0 14  0 14 a 88FuDiJo.587
183.718640 0.00025 0.00025 0 0 0 0 0 0 15  2 14 s 0 0 0 0 0 0 14  1 14 a 88FuDiJo.588
184.105880 0.00025 0.00025 0 0 0 0 0 0 15  2 14 a 0 0 0 0 0 0 14  1 14 s 88FuDiJo.589
184.105880 0.00025 0.00025 0 0 0 0 0 0 15  1 14 a 0 0 0 0 0 0 14  0 14 s 88FuDiJo.590
184.119490 0.00025 0.00025 0 0 0 0 0 0 15  9  7 s 0 0 0 0 0 0 14  8  7 a 88FuDiJo.591
184.216610 0.00025 0.00025 0 0 0 0 0 0 15  9  7 a 0 0 0 0 0 0 14  8  7 s 88FuDiJo.592
185.399610 0.00025 0.00025 0 0 0 0 0 0 14 11  4 s 0 0 0 0 0 0 13 10  4 a 88FuDiJo.593
185.399610 0.00025 0.00025 0 0 0 0 0 0 14 11  3 s 0 0 0 0 0 0 13 10  3 a 88FuDiJo.594
185.564890 0.00025 0.00025 0 0 0 0 0 0 14 11  3 a 0 0 0 0 0 0 13 10  3 s 88FuDiJo.595
185.564890 0.00025 0.00025 0 0 0 0 0 0 14 11  4 a 0 0 0 0 0 0 13 10  4 s 88FuDiJo.596
185.807920 0.00025 0.00025 0 0 0 0 0 0 13 13  0 s 0 0 0 0 0 0 12 12  0 a 88FuDiJo.598
185.807920 0.00025 0.00025 0 0 0 0 0 0 13 13  1 s 0 0 0 0 0 0 12 12  1 a 88FuDiJo.597
185.940170 0.00025 0.00025 0 0 0 0 0 0 13 13  0 a 0 0 0 0 0 0 12 12  0 s 88FuDiJo.600
185.946170 0.00025 0.00025 0 0 0 0 0 0 13 13  1 a 0 0 0 0 0 0 12 12  1 s 88FuDiJo.599
186.455160 0.00025 0.00025 0 0 0 0 0 0 16  6 10 s 0 0 0 0 0 0 15  5 10 a 88FuDiJo.601
186.621070 0.00025 0.00025 0 0 0 0 0 0 16  6 10 a 0 0 0 0 0 0 15  5 10 s 88FuDiJo.602
189.161370 0.00025 0.00025 0 0 0 0 0 0 15 10  6 s 0 0 0 0 0 0 14  9  6 a 88FuDiJo.603
189.264750 0.00025 0.00025 0 0 0 0 0 0 15 10  5 a 0 0 0 0 0 0 14  9  6 a 88FuDiJo.604
189.303020 0.00025 0.00025 0 0 0 0 0 0 15 10  6 s 0 0 0 0 0 0 14  9  5 s 88FuDiJo.605
189.349080 0.00025 0.00025 0 0 0 0 0 0 15 10  5 s 0 0 0 0 0 0 14  9  6 s 88FuDiJo.606
189.406070 0.00025 0.00025 0 0 0 0 0 0 15 10  5 a 0 0 0 0 0 0 14  9  5 s 88FuDiJo.607
189.430060 0.00025 0.00025 0 0 0 0 0 0 15 10  6 a 0 0 0 0 0 0 14  9  6 s 88FuDiJo.608
189.524810 0.00025 0.00025 0 0 0 0 0 0 16  7 10 s 0 0 0 0 0 0 15  6 10 a 88FuDiJo.609
189.676670 0.00025 0.00025 0 0 0 0 0 0 16  7 10 a 0 0 0 0 0 0 15  6 10 s 88FuDiJo.610
190.161970 0.00025 0.00025 0 0 0 0 0 0 16  8  9 a 0 0 0 0 0 0 15  7  9 s 88FuDiJo.611
190.283590 0.00025 0.00025 0 0 0 0 0 0 14 12  2 s 0 0 0 0 0 0 13 11  2 a 88FuDiJo.612
190.283590 0.00025 0.00025 0 0 0 0 0 0 14 12  3 s 0 0 0 0 0 0 13 11  3 a 88FuDiJo.613
190.308930 0.00025 0.00025 0 0 0 0 0 0 16  5 11 s 0 0 0 0 0 0 15  4 11 a 88FuDiJo.614
190.430840 0.00025 0.00025 0 0 0 0 0 0 14 12  2 a 0 0 0 0 0 0 13 11  2 s 88FuDiJo.615
190.430840 0.00025 0.00025 0 0 0 0 0 0 14 12  3 a 0 0 0 0 0 0 13 11  3 s 88FuDiJo.616
190.691420 0.00025 0.00025 0 0 0 0 0 0 16  9  7 s 0 0 0 0 0 0 15  8  7 a 88FuDiJo.617
190.775580 0.00025 0.00025 0 0 0 0 0 0 16  6 11 s 0 0 0 0 0 0 15  5 11 a 88FuDiJo.618
190.953340 0.00025 0.00025 0 0 0 0 0 0 16  6 11 a 0 0 0 0 0 0 15  5 11 s 88FuDiJo.619
192.118260 0.00025 0.00025 0 0 0 0 0 0 17  8  9 a 0 0 0 0 0 0 16  7  9 s 88FuDiJo.620
192.297650 0.00025 0.00025 0 0 0 0 0 0 16  4 12 s 0 0 0 0 0 0 15  3 12 a 88FuDiJo.621
192.337850 0.00025 0.00025 0 0 0 0 0 0 16  5 12 s 0 0 0 0 0 0 15  4 12 a 88FuDiJo.622
192.507680 0.00025 0.00025 0 0 0 0 0 0 16  4 12 a 0 0 0 0 0 0 15  3 12 s 88FuDiJo.623
192.548110 0.00025 0.00025 0 0 0 0 0 0 16  5 12 a 0 0 0 0 0 0 15  4 12 s 88FuDiJo.624
193.341380 0.00025 0.00025 0 0 0 0 0 0 16  9  8 a 0 0 0 0 0 0 15  8  8 s 88FuDiJo.625
193.694700 0.00025 0.00025 0 0 0 0 0 0 16  4 13 s 0 0 0 0 0 0 15  3 13 a 88FuDiJo.626
193.694700 0.00025 0.00025 0 0 0 0 0 0 16  3 13 s 0 0 0 0 0 0 15  2 13 a 88FuDiJo.627
193.949980 0.00025 0.00025 0 0 0 0 0 0 16  3 13 a 0 0 0 0 0 0 15  2 13 s 88FuDiJo.628
193.949980 0.00025 0.00025 0 0 0 0 0 0 16  4 13 a 0 0 0 0 0 0 15  3 13 s 88FuDiJo.629
194.409590 0.00025 0.00025 0 0 0 0 0 0 15 11  4 s 0 0 0 0 0 0 14 10  4 a 88FuDiJo.630
194.409590 0.00025 0.00025 0 0 0 0 0 0 15 11  5 s 0 0 0 0 0 0 14 10  5 a 88FuDiJo.631
194.430110 0.00025 0.00025 0 0 0 0 0 0 17  7 10 a 0 0 0 0 0 0 16  6 10 s 88FuDiJo.632
194.570050 0.00025 0.00025 0 0 0 0 0 0 15 11  4 a 0 0 0 0 0 0 14 10  4 s 88FuDiJo.633
194.570050 0.00025 0.00025 0 0 0 0 0 0 15 11  5 a 0 0 0 0 0 0 14 10  5 s 88FuDiJo.634
194.857270 0.00025 0.00025 0 0 0 0 0 0 16  2 14 s 0 0 0 0 0 0 15  1 14 a 88FuDiJo.636
194.857270 0.00025 0.00025 0 0 0 0 0 0 16  3 14 s 0 0 0 0 0 0 15  2 14 a 88FuDiJo.635
194.982680 0.00025 0.00025 0 0 0 0 0 0 14 13  1 s 0 0 0 0 0 0 13 12  1 a 88FuDiJo.637
194.982680 0.00025 0.00025 0 0 0 0 0 0 14 13  2 s 0 0 0 0 0 0 13 12  2 a 88FuDiJo.638
195.112810 0.00025 0.00025 0 0 0 0 0 0 14 13  2 a 0 0 0 0 0 0 13 12  2 s 88FuDiJo.639
195.112810 0.00025 0.00025 0 0 0 0 0 0 14 13  1 a 0 0 0 0 0 0 13 12  1 s 88FuDiJo.640
195.173660 0.00025 0.00025 0 0 0 0 0 0 16  3 14 a 0 0 0 0 0 0 15  2 14 s 88FuDiJo.641
195.173660 0.00025 0.00025 0 0 0 0 0 0 16  2 14 a 0 0 0 0 0 0 15  1 14 s 88FuDiJo.642
195.889720 0.00025 0.00025 0 0 0 0 0 0 16  2 15 s 0 0 0 0 0 0 15  1 15 a 88FuDiJo.643
195.889720 0.00025 0.00025 0 0 0 0 0 0 16  1 15 s 0 0 0 0 0 0 15  0 15 a 88FuDiJo.644
196.289960 0.00025 0.00025 0 0 0 0 0 0 16  2 15 a 0 0 0 0 0 0 15  1 15 s 88FuDiJo.645
196.289960 0.00025 0.00025 0 0 0 0 0 0 16  1 15 a 0 0 0 0 0 0 15  0 15 s 88FuDiJo.646
197.804600 0.00025 0.00025 0 0 0 0 0 0 16 10  7 a 0 0 0 0 0 0 15  9  6 a 88FuDiJo.647
197.867350 0.00025 0.00025 0 0 0 0 0 0 16 10  6 a 0 0 0 0 0 0 15  9  6 s 88FuDiJo.648
197.938780 0.00025 0.00025 0 0 0 0 0 0 17  9  8 a 0 0 0 0 0 0 16  8  8 s 88FuDiJo.649
198.224090 0.00025 0.00025 0 0 0 0 0 0 16 10  6 s 0 0 0 0 0 0 15  9  7 s 88FuDiJo.650
199.359320 0.00025 0.00025 0 0 0 0 0 0 15 12  4 s 0 0 0 0 0 0 14 11  4 a 88FuDiJo.651
199.359320 0.00025 0.00025 0 0 0 0 0 0 15 12  3 s 0 0 0 0 0 0 14 11  3 a 88FuDiJo.652
199.503810 0.00025 0.00025 0 0 0 0 0 0 15 12  3 a 0 0 0 0 0 0 14 11  3 s 88FuDiJo.653
199.503810 0.00025 0.00025 0 0 0 0 0 0 15 12  4 a 0 0 0 0 0 0 14 11  4 s 88FuDiJo.654
199.503810 0.00025 0.00025 0 0 0 0 0 0 14 14  0 s 0 0 0 0 0 0 13 13  0 a 88FuDiJo.655
199.503810 0.00025 0.00025 0 0 0 0 0 0 14 14  1 s 0 0 0 0 0 0 13 13  1 a 88FuDiJo.656
199.617510 0.00025 0.00025 0 0 0 0 0 0 14 14  1 a 0 0 0 0 0 0 13 13  1 s 88FuDiJo.657
199.617510 0.00025 0.00025 0 0 0 0 0 0 14 14  0 a 0 0 0 0 0 0 13 13  0 s 88FuDiJo.658
199.799720 0.00025 0.00025 0 0 0 0 0 0 17  6 11 a 0 0 0 0 0 0 16  5 11 s 88FuDiJo.659
200.669880 0.00025 0.00025 0 0 0 0 0 0 17  8 10 s 0 0 0 0 0 0 16  7 10 a 88FuDiJo.660
200.792420 0.00025 0.00025 0 0 0 0 0 0 17  8 10 a 0 0 0 0 0 0 16  7 10 s 88FuDiJo.661
201.207170 0.00025 0.00025 0 0 0 0 0 0 17  7 11 s 0 0 0 0 0 0 16  6 11 a 88FuDiJo.662
202.801070 0.00025 0.00025 0 0 0 0 0 0 17  5 12 a 0 0 0 0 0 0 16  4 12 s 88FuDiJo.663
202.986210 0.00025 0.00025 0 0 0 0 0 0 17  6 12 a 0 0 0 0 0 0 16  5 12 s 88FuDiJo.664
203.307460 0.00025 0.00025 0 0 0 0 0 0 16 11  5 s 0 0 0 0 0 0 15 10  5 a 88FuDiJo.665
203.474390 0.00025 0.00025 0 0 0 0 0 0 16 11  5 a 0 0 0 0 0 0 15 10  5 s 88FuDiJo.666
203.483700 0.00025 0.00025 0 0 0 0 0 0 16 11  6 a 0 0 0 0 0 0 15 10  6 s 88FuDiJo.667
204.103390 0.00025 0.00025 0 0 0 0 0 0 15 13  2 s 0 0 0 0 0 0 14 12  2 a 88FuDiJo.668
204.103390 0.00025 0.00025 0 0 0 0 0 0 15 13  3 s 0 0 0 0 0 0 14 12  3 a 88FuDiJo.669
204.230990 0.00025 0.00025 0 0 0 0 0 0 15 13  2 a 0 0 0 0 0 0 14 12  2 s 88FuDiJo.670
204.230990 0.00025 0.00025 0 0 0 0 0 0 15 13  3 a 0 0 0 0 0 0 14 12  3 s 88FuDiJo.671
204.393320 0.00025 0.00025 0 0 0 0 0 0 17  4 13 s 0 0 0 0 0 0 16  3 13 a 88FuDiJo.672
204.407490 0.00025 0.00025 0 0 0 0 0 0 17  5 13 s 0 0 0 0 0 0 16  4 13 a 88FuDiJo.673
204.598580 0.00025 0.00025 0 0 0 0 0 0 17  4 13 a 0 0 0 0 0 0 16  3 13 s 88FuDiJo.674
205.767430 0.00025 0.00025 0 0 0 0 0 0 17  3 14 s 0 0 0 0 0 0 16  2 14 a 88FuDiJo.675
205.767430 0.00025 0.00025 0 0 0 0 0 0 17  4 14 s 0 0 0 0 0 0 16  3 14 a 88FuDiJo.676
206.022180 0.00025 0.00025 0 0 0 0 0 0 17  3 14 a 0 0 0 0 0 0 16  2 14 s 88FuDiJo.678
206.022180 0.00025 0.00025 0 0 0 0 0 0 17  4 14 a 0 0 0 0 0 0 16  3 14 s 88FuDiJo.677
206.957670 0.00025 0.00025 0 0 0 0 0 0 17  2 15 s 0 0 0 0 0 0 16  1 15 a 88FuDiJo.680
206.957670 0.00025 0.00025 0 0 0 0 0 0 17  3 15 s 0 0 0 0 0 0 16  2 15 a 88FuDiJo.679
207.006030 0.00025 0.00025 0 0 0 0 0 0 17 10  8 s 0 0 0 0 0 0 16  9  8 a 88FuDiJo.681
207.280830 0.00025 0.00025 0 0 0 0 0 0 17  2 15 a 0 0 0 0 0 0 16  1 15 s 88FuDiJo.682
207.280830 0.00025 0.00025 0 0 0 0 0 0 17  3 15 a 0 0 0 0 0 0 16  2 15 s 88FuDiJo.683
208.038400 0.00025 0.00025 0 0 0 0 0 0 17  1 16 s 0 0 0 0 0 0 16  0 16 a 88FuDiJo.684
208.038400 0.00025 0.00025 0 0 0 0 0 0 17  2 16 s 0 0 0 0 0 0 16  1 16 a 88FuDiJo.685
208.357440 0.00025 0.00025 0 0 0 0 0 0 16 12  4 s 0 0 0 0 0 0 15 11  4 a 88FuDiJo.686
208.357440 0.00025 0.00025 0 0 0 0 0 0 16 12  5 s 0 0 0 0 0 0 15 11  5 a 88FuDiJo.687
208.499480 0.00025 0.00025 0 0 0 0 0 0 16 12  4 a 0 0 0 0 0 0 15 11  4 s 88FuDiJo.688
208.499480 0.00025 0.00025 0 0 0 0 0 0 16 12  5 a 0 0 0 0 0 0 15 11  5 s 88FuDiJo.689
208.659500 0.00025 0.00025 0 0 0 0 0 0 15 14  2 s 0 0 0 0 0 0 14 13  2 a 88FuDiJo.691
208.659500 0.00025 0.00025 0 0 0 0 0 0 15 14  1 s 0 0 0 0 0 0 14 13  1 a 88FuDiJo.690
208.771550 0.00025 0.00025 0 0 0 0 0 0 15 14  1 a 0 0 0 0 0 0 14 13  1 s 88FuDiJo.692
208.771550 0.00025 0.00025 0 0 0 0 0 0 15 14  2 a 0 0 0 0 0 0 14 13  2 s 88FuDiJo.693
212.142360 0.00025 0.00025 0 0 0 0 0 0 17 11  6 a 0 0 0 0 0 0 16 10  7 a 88FuDiJo.694
212.360090 0.00025 0.00025 0 0 0 0 0 0 18  6 12 s 0 0 0 0 0 0 17  5 12 a 88FuDiJo.695
213.031740 0.00025 0.00025 0 0 0 0 0 0 15 15  0 s 0 0 0 0 0 0 14 14  0 a 88FuDiJo.696
213.031740 0.00025 0.00025 0 0 0 0 0 0 15 15  1 s 0 0 0 0 0 0 14 14  1 a 88FuDiJo.697
213.128580 0.00025 0.00025 0 0 0 0 0 0 15 15  0 a 0 0 0 0 0 0 14 14  0 s 88FuDiJo.698
213.128580 0.00025 0.00025 0 0 0 0 0 0 15 15  1 a 0 0 0 0 0 0 14 14  1 s 88FuDiJo.699
213.159790 0.00025 0.00025 0 0 0 0 0 0 16 13  3 s 0 0 0 0 0 0 15 12  3 a 88FuDiJo.701
213.159790 0.00025 0.00025 0 0 0 0 0 0 16 13  4 s 0 0 0 0 0 0 15 12  4 a 88FuDiJo.700
213.285650 0.00025 0.00025 0 0 0 0 0 0 16 13  3 a 0 0 0 0 0 0 15 12  3 s 88FuDiJo.702
213.285650 0.00025 0.00025 0 0 0 0 0 0 16 13  4 a 0 0 0 0 0 0 15 12  4 s 88FuDiJo.703
214.836690 0.00025 0.00025 0 0 0 0 0 0 18  6 13 s 0 0 0 0 0 0 17  5 13 a 88FuDiJo.704
216.003020 0.00025 0.00025 0 0 0 0 0 0 18 10  9 a 0 0 0 0 0 0 17  9  9 s 88FuDiJo.705
217.401170 0.00025 0.00025 0 0 0 0 0 0 17 12  5 a 0 0 0 0 0 0 16 11  5 s 88FuDiJo.706
217.401170 0.00025 0.00025 0 0 0 0 0 0 17 12  6 a 0 0 0 0 0 0 16 11  6 s 88FuDiJo.707
217.759140 0.00025 0.00025 0 0 0 0 0 0 16 14  2 s 0 0 0 0 0 0 15 13  2 a 88FuDiJo.709
217.759140 0.00025 0.00025 0 0 0 0 0 0 16 14  3 s 0 0 0 0 0 0 15 13  3 a 88FuDiJo.708
217.801970 0.00025 0.00025 0 0 0 0 0 0 18  3 15 s 0 0 0 0 0 0 17  2 15 a 88FuDiJo.711
217.801970 0.00025 0.00025 0 0 0 0 0 0 18  4 15 s 0 0 0 0 0 0 17  3 15 a 88FuDiJo.710
217.868990 0.00025 0.00025 0 0 0 0 0 0 16 14  3 a 0 0 0 0 0 0 15 13  3 s 88FuDiJo.712
217.868990 0.00025 0.00025 0 0 0 0 0 0 16 14  2 a 0 0 0 0 0 0 15 13  2 s 88FuDiJo.713
218.056610 0.00025 0.00025 0 0 0 0 0 0 18  4 15 a 0 0 0 0 0 0 17  3 15 s 88FuDiJo.714
218.056610 0.00025 0.00025 0 0 0 0 0 0 18  3 15 a 0 0 0 0 0 0 17  2 15 s 88FuDiJo.715
219.029030 0.00025 0.00025 0 0 0 0 0 0 18  3 16 s 0 0 0 0 0 0 17  2 16 a 88FuDiJo.716
219.029030 0.00025 0.00025 0 0 0 0 0 0 18  2 16 s 0 0 0 0 0 0 17  1 16 a 88FuDiJo.717
219.357440 0.00025 0.00025 0 0 0 0 0 0 18  2 16 a 0 0 0 0 0 0 17  1 16 s 88FuDiJo.719
219.357440 0.00025 0.00025 0 0 0 0 0 0 18  3 16 a 0 0 0 0 0 0 17  2 16 s 88FuDiJo.718