i J' Ka' Kc' inv' F' J" Ka" Kc" inv" F" nu unc fit fit2
378: 4 3 1 0 4 4 2 3 1 4 17.1148600 -0.0005000 0.0000868 0.0000871
379: 4 4 0 0 4 4 3 2 1 4 19.3209100 -0.0005000 0.0001887 0.0001883
380: 5 4 1 0 5 5 3 3 1 5 20.0276800 -0.0005000 -0.0004083 -0.0004087
381: 5 4 1 1 5 5 3 3 0 5 20.3060600 -0.0005000 0.0002887 0.0002882
382: 7 5 3 0 7 7 4 3 1 7 20.5832300 -0.0005000 0.0003161 0.0003167
383: 5 3 2 1 5 5 2 4 0 5 22.1622800 -0.0005000 0.0005974 0.0005969
384: 3 1 2 1 3 2 2 0 0 2 22.4282600 -0.0005000 0.0004086 0.0004091
385: 6 5 2 0 6 6 4 2 1 6 22.9595700 -0.0005000 0.0005753 0.0005754
386: 6 5 2 1 6 6 4 2 0 6 23.2455900 -0.0005000 0.0000067 0.0000063
387: 2 1 1 0 2 1 0 1 1 1 23.3238200 -0.0005000 0.0002092 0.0002098
388: 2 1 1 1 2 1 0 1 0 1 23.6616700 -0.0005000 0.0003006 0.0003009
389: 5 5 1 0 5 5 4 1 1 5 24.1417500 -0.0005000 -0.0006322 -0.0006327
390: 6 5 1 0 6 6 4 3 1 6 24.3823500 -0.0005000 0.0000245 0.0000245
391: 5 5 1 1 5 5 4 1 0 5 24.4169800 -0.0005000 -0.0006729 -0.0006726
392: 5 5 0 0 5 5 4 2 1 5 24.4734800 -0.0005000 0.0006899 0.0006891
393: 6 5 1 1 6 6 4 3 0 6 24.6676500 -0.0005000 -0.0004073 -0.0004077
394: 5 5 0 1 5 5 4 2 0 5 24.7477600 -0.0005000 -0.0000523 -0.0000521
395: 9 6 4 0 9 9 5 4 1 9 24.9436700 -0.0005000 -0.0005260 -0.0005253
396: 9 6 4 1 9 9 5 4 0 9 25.1555500 -0.0005000 0.0000723 0.0000718
397: 7 5 2 1 7 7 4 4 0 7 25.1974500 -0.0005000 0.0000020 0.0000017
398: 2 2 0 0 2 1 1 0 1 1 26.5377900 -0.0005000 0.0000275 0.0000280
399: 7 4 3 0 7 7 3 5 1 7 26.7984400 -0.0005000 -0.0002790 -0.0002799
400: 2 2 0 1 2 1 1 0 0 1 26.8658800 -0.0005000 -0.0002149 -0.0002151
401: 8 5 3 0 8 8 4 5 1 8 26.9207600 -0.0005000 -0.0006362 -0.0006359
402: 7 4 3 1 7 7 3 5 0 7 27.0791000 -0.0005000 0.0006900 0.0006882
403: 2 2 1 0 2 1 1 1 1 1 27.5086200 -0.0005000 -0.0002768 -0.0002759
404: 8 6 3 0 8 8 5 3 1 8 27.6142300 -0.0005000 0.0000878 0.0000889
405: 8 6 2 0 8 8 5 3 0 8 27.7971100 -0.0005000 -0.0001800 -0.0001808
406: 2 2 1 1 2 1 1 1 0 1 27.8374000 -0.0005000 -0.0004410 -0.0004413
407: 8 6 3 1 8 8 5 3 0 8 27.8896400 -0.0005000 0.0001112 0.0001111
408: 7 6 2 0 7 7 5 2 1 7 29.0331000 -0.0005000 0.0002574 0.0002582
409: 8 6 2 0 8 8 5 4 1 8 29.2321200 -0.0005000 0.0001775 0.0001770
410: 7 6 2 1 7 7 5 2 0 7 29.2817700 -0.0005000 0.0001305 0.0001309
411: 7 6 1 0 7 7 5 3 1 7 29.4739900 -0.0005000 -0.0001958 -0.0001960
412: 8 6 2 1 8 8 5 4 0 8 29.5062100 -0.0005000 0.0001974 0.0001971
413: 6 6 1 0 6 6 5 1 1 6 29.7122300 -0.0005000 -0.0001056 -0.0001044
414: 7 6 1 1 7 7 5 3 0 7 29.7222300 -0.0005000 -0.0003203 -0.0003206
415: 6 6 0 0 6 6 5 2 1 6 29.7726500 -0.0005000 0.0004114 0.0004124
416: 9 6 3 1 9 9 5 5 0 9 29.8686900 -0.0005000 -0.0002681 -0.0002666
417: 6 6 1 1 6 6 5 1 0 6 30.0011500 -0.0005000 0.0000106 0.0000127
418: 6 6 0 1 6 6 5 2 0 6 30.0610400 -0.0005000 0.0000857 0.0000878
419: 4 1 3 0 4 3 2 1 1 3 30.5126200 -0.0005000 -0.0003181 -0.0003182
420: 10 6 4 0 10 10 5 6 1 10 31.3991900 -0.0005000 -0.0006132 -0.0006117
421: 9 5 4 1 9 9 4 6 0 9 31.5724100 -0.0005000 -0.0004231 -0.0004235
422: 10 7 4 0 10 10 6 4 1 10 32.2139000 -0.0005000 0.0002893 0.0002894
423: 6 2 5 0 6 5 3 3 1 5 33.2184600 -0.0005000 0.0007767 0.0007785
424: 6 2 5 1 6 5 3 3 0 5 33.5244300 -0.0005000 -0.0007228 -0.0007219
425: 9 7 3 0 9 9 6 3 1 9 33.7998000 -0.0005000 -0.0003072 -0.0003067
426: 9 7 3 1 9 9 6 3 0 9 34.0196000 -0.0005000 0.0002042 0.0002045
427: 10 7 4 1 10 10 6 5 1 10 34.0277500 -0.0005000 0.0001685 0.0001692
428: 10 7 3 1 10 10 6 5 0 10 34.1830500 -0.0005000 -0.0007482 -0.0007469
429: 8 4 4 0 8 8 3 6 1 8 34.2824700 -0.0005000 -0.0002991 -0.0003005
430: 9 7 2 0 9 9 6 4 1 9 34.3147000 -0.0005000 0.0001892 0.0001872
431: 11 7 4 1 11 11 6 6 0 11 34.3705400 -0.0005000 -0.0009454 -0.0009396
432: 9 7 2 1 9 9 6 4 0 9 34.5329300 -0.0005000 -0.0002831 -0.0002842
433: 8 7 1 0 8 8 6 3 1 8 34.7054900 -0.0005000 -0.0011486 -0.0011489
434: 8 7 2 1 8 8 6 2 0 8 34.9207300 -0.0005000 -0.0000834 -0.0000810
435: 3 1 2 0 3 2 0 2 1 2 34.9369500 -0.0005000 0.0001655 0.0001662
436: 8 7 1 1 8 8 6 3 0 8 34.9894200 -0.0005000 -0.0006174 -0.0006166
437: 7 7 1 0 7 7 6 1 1 7 35.0985600 -0.0004000 -0.0001476 -0.0001421
438: 7 7 0 0 7 7 6 2 1 7 35.1112700 -0.0004000 0.0000576 0.0000623
439: 3 1 2 1 3 2 0 2 0 2 35.2730500 -0.0004000 -0.0000725 -0.0000715
440: 7 7 1 1 7 7 6 1 0 7 35.3590500 -0.0004000 -0.0002564 -0.0002481
441: 7 7 0 1 7 7 6 2 0 7 35.3717400 -0.0004000 -0.0000473 -0.0000398
442: 3 2 1 0 3 2 1 1 1 2 36.0906700 -0.0004000 0.0000184 0.0000187
443: 5 1 4 0 5 4 2 2 1 4 36.3182000 -0.0004000 -0.0008335 -0.0008335
444: 3 2 1 1 3 2 1 1 0 2 36.4181100 -0.0004000 0.0000083 0.0000089
445: 5 1 4 1 5 4 2 2 0 4 36.6401600 -0.0004000 -0.0000747 -0.0000731
446: 3 2 2 0 3 2 1 2 1 2 38.2037400 -0.0004000 -0.0000337 -0.0000322
447: 5 2 3 0 5 4 3 1 1 4 38.3068800 -0.0004000 0.0000136 0.0000134
448: 11 8 4 0 11 11 7 4 1 11 38.4671200 -0.0004000 -0.0005941 -0.0005965
449: 3 2 2 1 3 2 1 2 0 2 38.5333900 -0.0004000 0.0000926 0.0000927
450: 5 2 3 1 5 4 3 1 0 4 38.6123700 -0.0004000 -0.0004300 -0.0004286
451: 10 5 5 0 10 10 4 7 1 10 38.7172800 -0.0004000 0.0003567 0.0003597
452: 7 3 4 1 7 7 2 6 0 7 39.3540500 -0.0004000 -0.0005272 -0.0005299
453: 10 8 3 0 10 10 7 3 1 10 39.4265300 -0.0004000 0.0003661 0.0003635
454: 6 1 5 0 6 5 2 3 1 5 39.6799800 -0.0004000 -0.0000693 -0.0000687
455: 10 8 3 1 10 10 7 3 0 10 39.7073400 -0.0004000 -0.0002918 -0.0002905
456: 9 8 1 0 9 9 7 3 1 9 40.0160200 -0.0004000 -0.0008391 -0.0008404
457: 9 8 2 1 9 9 7 2 0 9 40.2381300 -0.0004000 0.0006793 0.0006867
458: 9 8 1 1 9 9 7 3 0 9 40.2540700 -0.0004000 -0.0000760 -0.0000711
459: 8 8 0 0 8 8 7 2 1 8 40.3697700 -0.0004000 0.0004319 0.0004444 
460: 8 8 1 0 8 8 7 1 1 8 40.3697700 -0.0004000 0.0004319 0.0004444 
461: 8 8 0 1 8 8 7 2 0 8 40.6062300 -0.0004000 -0.0009544 -0.0009339 
462: 8 8 1 1 8 8 7 1 0 8 40.6062300 -0.0004000 -0.0009544 -0.0009339 
463: 3 3 0 0 3 2 2 0 1 2 41.4073900 -0.0004000 -0.0001919 -0.0001917
464: 8 2 7 1 8 7 3 5 0 7 41.4202900 -0.0004000 -0.0006281 -0.0006272
465: 3 3 1 1 3 2 2 0 1 2 41.4715200 -0.0004000 -0.0000687 -0.0000684
466: 7 1 6 0 7 6 2 4 1 6 41.5530400 -0.0004000 0.0005320 0.0005337
467: 3 3 0 1 3 2 2 0 0 2 41.7624700 -0.0004000 -0.0002175 -0.0002174
468: 7 1 6 1 7 6 2 4 0 6 41.8651600 -0.0004000 -0.0009032 -0.0009004
469: 3 3 0 0 3 2 2 1 0 2 42.2009300 -0.0004000 0.0000200 0.0000201
470: 3 3 1 1 3 2 2 1 0 2 42.2646000 -0.0004000 -0.0003167 -0.0003167
471: 7 3 5 0 7 6 4 3 1 6 42.4754300 -0.0004000 -0.0006221 -0.0006209
472: 6 3 3 0 6 5 4 1 1 5 42.5378600 -0.0004000 -0.0004099 -0.0004100
473: 6 3 3 1 6 5 4 1 0 5 42.8155800 -0.0004000 0.0000990 0.0000999
474: 8 1 7 1 8 7 2 5 0 7 43.3903700 -0.0004000 -0.0000028 -0.0000008
475: 9 4 5 1 9 9 3 7 0 9 44.5045200 -0.0004000 -0.0005822 -0.0005859
476: 7 4 3 0 7 6 5 1 1 6 44.8860600 -0.0004000 0.0007981 0.0007986
477: 11 9 2 1 11 11 8 4 0 11 44.9948900 -0.0004000 -0.0003208 -0.0003237
478: 7 4 3 1 7 6 5 1 0 6 45.1721300 -0.0003000 -0.0000066 -0.0000072
479: 10 9 1 0 10 10 8 3 1 10 45.2180900 -0.0003000 -0.0002166 -0.0002199 
480: 10 9 2 0 10 10 8 2 1 10 45.2180900 -0.0003000 -0.0002166 -0.0002199 
481: 9 9 0 0 9 9 8 2 1 9 45.5303900 -0.0003000 -0.0000512 -0.0000262 
482: 9 9 1 0 9 9 8 1 1 9 45.5303900 -0.0003000 -0.0000512 -0.0000262 
483: 9 9 0 1 9 9 8 2 0 9 45.7466400 -0.0003000 -0.0002996 -0.0002566 
484: 9 9 1 1 9 9 8 1 0 9 45.7466400 -0.0003000 -0.0002996 -0.0002566 
485: 4 2 2 0 4 3 1 2 1 3 46.5380800 -0.0003000 0.0000337 0.0000335
486: 4 2 2 1 4 3 1 2 0 3 46.8634400 -0.0003000 0.0003844 0.0003858
487: 4 1 3 0 4 3 0 3 1 3 47.4820800 -0.0003000 -0.0000410 -0.0000398
488: 6 2 4 0 6 5 3 2 1 5 47.5006800 -0.0003000 -0.0002360 -0.0002363
489: 6 2 4 1 6 5 3 2 0 5 47.8039800 -0.0003000 0.0004143 0.0004163
490: 4 1 3 1 4 3 0 3 0 3 47.8165600 -0.0003000 -0.0001033 -0.0001017
491: 8 3 6 0 8 7 4 4 1 7 48.4342200 -0.0003000 0.0003634 0.0003646
492: 8 3 6 1 8 7 4 4 0 7 48.7100300 -0.0003000 -0.0000450 -0.0000442
493: 4 2 3 0 4 3 1 3 1 3 49.5211800 -0.0003000 0.0000199 0.0000221
494: 8 4 5 0 8 7 5 3 1 7 49.7872900 -0.0003000 0.0003885 0.0003877
495: 4 2 3 1 4 3 1 3 0 3 49.8509800 -0.0003000 -0.0000731 -0.0000724
496: 8 4 5 1 8 7 5 3 0 7 50.0303400 -0.0003000 -0.0003093 -0.0003095
497: 4 3 1 0 4 3 2 1 1 3 50.2730800 -0.0003000 0.0001143 0.0001146
498: 4 3 1 1 4 3 2 1 0 3 50.5820000 -0.0003000 -0.0002410 -0.0002404
499: 4 3 2 0 4 3 2 2 1 3 51.9026000 -0.0003000 -0.0000143 -0.0000133
500: 4 3 2 1 4 3 2 2 0 3 52.2115700 -0.0003000 -0.0001025 -0.0001023
501: 9 3 7 0 9 8 4 5 1 8 53.1572200 -0.0003000 -0.0003647 -0.0003634
502: 9 3 7 1 9 8 4 5 0 8 53.4306300 -0.0003000 -0.0002256 -0.0002256
503: 7 2 5 0 7 6 3 3 1 6 53.7785100 -0.0003000 0.0001280 0.0001281
504: 7 2 5 1 7 6 3 3 0 6 54.0760700 -0.0003000 0.0001654 0.0001680
505: 7 3 4 0 7 6 4 2 1 6 54.4822300 -0.0003000 -0.0000054 -0.0000059
506: 7 3 4 1 7 6 4 2 0 6 54.7609700 -0.0003000 0.0000619 0.0000622
507: 9 5 5 1 9 8 6 3 0 8 55.6346900 -0.0003000 0.0001629 0.0001611
508: 4 4 0 0 4 3 3 0 1 3 56.4204400 -0.0003000 0.0000503 0.0000505
509: 4 4 1 0 4 3 3 1 1 3 56.5182400 -0.0003000 -0.0002406 -0.0002405
510: 4 4 1 0 4 3 3 0 0 3 56.5825200 -0.0003000 0.0000327 0.0000327
511: 4 4 0 1 4 3 3 1 1 3 56.7061800 -0.0003000 -0.0000327 -0.0000321
512: 4 4 0 1 4 3 3 0 0 3 56.7703300 -0.0003000 0.0001106 0.0001111
513: 4 4 1 1 4 3 3 1 0 3 56.8679800 -0.0003000 -0.0002148 -0.0002144
514: 10 3 8 1 10 9 4 6 0 9 57.1775500 -0.0003000 0.0008956 0.0008934
515: 8 2 6 0 8 7 3 4 1 7 57.2225000 -0.0003000 -0.0000543 -0.0000536
516: 9 4 6 0 9 8 5 4 1 8 57.4449900 -0.0003000 -0.0001480 -0.0001500
517: 8 2 6 1 8 7 3 4 0 7 57.5138900 -0.0003000 0.0000749 0.0000775
518: 9 4 6 1 9 8 5 4 0 8 57.6888700 -0.0003000 0.0004531 0.0004523
519: 8 4 4 0 8 7 5 2 1 7 57.7948600 -0.0003000 -0.0005361 -0.0005364
520: 5 2 3 0 5 4 1 3 1 4 58.0520200 -0.0003000 0.0002686 0.0002679
521: 5 2 3 1 5 4 1 3 0 4 58.3728500 -0.0003000 0.0000224 0.0000243
522: 9 2 7 0 9 8 3 5 1 8 58.8475200 -0.0003000 0.0008054 0.0008061
523: 9 2 7 1 9 8 3 5 0 8 59.1313600 -0.0003000 0.0002862 0.0002874
524: 5 3 2 0 5 4 2 2 1 4 59.4507000 -0.0003000 0.0001453 0.0001451
525: 9 5 4 0 9 8 6 2 1 8 59.5093500 -0.0003000 -0.0005068 -0.0005061
526: 5 3 2 1 5 4 2 2 0 4 59.7586000 -0.0003000 0.0000700 0.0000711
527: 10 2 8 0 10 9 3 6 1 9 59.9468900 -0.0003000 -0.0000530 -0.0000529
528: 5 1 4 0 5 4 0 4 1 4 60.3508200 -0.0003000 -0.0000089 -0.0000068
529: 5 1 4 1 5 4 0 4 0 4 60.6838600 -0.0003000 -0.0000508 -0.0000487
530: 5 2 4 0 5 4 1 4 1 4 61.3230500 -0.0003000 -0.0000055 -0.0000027
531: 5 2 4 1 5 4 1 4 0 4 61.6538000 -0.0003000 0.0002335 0.0002349
532: 5 3 3 0 5 4 2 3 1 4 62.4628700 -0.0003000 0.0002439 0.0002452
533: 5 3 3 1 5 4 2 3 0 4 62.7709600 -0.0003000 0.0000957 0.0000961
534: 10 4 7 0 10 9 5 5 1 9 63.7937700 -0.0003000 -0.0003102 -0.0003135
535: 10 4 7 1 10 9 5 5 0 9 64.0338000 -0.0003000 -0.0002242 -0.0002257
536: 10 5 6 1 10 9 6 4 0 9 64.6878800 -0.0003000 0.0001874 0.0001855
537: 5 4 2 1 5 4 3 1 1 4 65.1803800 -0.0003000 0.0000856 0.0000863
538: 5 4 1 0 5 4 3 1 1 4 65.3750000 -0.0003000 -0.0000500 -0.0000497
539: 5 4 1 1 5 4 3 1 0 4 65.6537800 -0.0003000 0.0001557 0.0001563
540: 5 4 2 0 5 4 3 2 1 4 66.1181100 -0.0003000 0.0000448 0.0000453
541: 5 4 2 1 5 4 3 2 0 4 66.3958800 -0.0003000 -0.0000914 -0.0000907
542: 5 4 1 0 5 4 3 2 0 4 66.5908500 -0.0003000 0.0001231 0.0001233
543: 4 3 1 0 4 3 0 3 1 3 67.2420700 -0.0003000 -0.0000786 -0.0000770
544: 4 3 1 1 4 3 0 3 0 3 67.5620200 -0.0003000 0.0004716 0.0004729
545: 6 3 3 0 6 5 2 3 1 5 69.5793600 -0.0003000 0.0002659 0.0002649
546: 6 3 3 1 6 5 2 3 0 5 69.8839500 -0.0003000 0.0002854 0.0002868
547: 11 6 6 1 11 10 7 4 0 10 70.0543600 -0.0003000 0.0006643 0.0006625
548: 9 4 5 0 9 8 5 3 1 8 70.4951300 -0.0003000 0.0002495 0.0002489
549: 6 2 4 0 6 5 1 4 1 5 70.6193100 -0.0003000 0.0000987 0.0000979
550: 9 4 5 1 9 8 5 3 0 8 70.7402500 -0.0003000 -0.0010406 -0.0010434
551: 6 2 4 1 6 5 1 4 0 5 70.9350400 -0.0003000 -0.0000469 -0.0000451
552: 5 5 0 0 5 4 4 0 1 4 71.2445200 -0.0003000 0.0001750 0.0001753
553: 5 5 1 0 5 4 4 1 1 4 71.2710500 -0.0003000 0.0001236 0.0001241
554: 9 3 6 0 9 8 4 4 1 8 71.3399200 -0.0003000 0.0000458 0.0000449
555: 5 5 1 0 5 4 4 0 0 4 71.3937800 -0.0003000 0.0002447 0.0002452
556: 5 5 0 1 5 4 4 0 0 4 71.5454000 -0.0003000 0.0002438 0.0002449
557: 5 5 1 1 5 4 4 1 0 4 71.5717600 -0.0003000 0.0000646 0.0000659
558: 9 3 6 1 9 8 4 4 0 8 71.6078000 -0.0003000 -0.0004195 -0.0004200
559: 11 5 7 0 11 10 6 5 1 10 72.4979300 -0.0003000 -0.0000727 -0.0000805
560: 6 4 3 1 6 5 3 2 1 5 72.7117100 -0.0003000 0.0003764 0.0003768
561: 10 5 5 0 10 9 6 3 1 9 72.8823700 -0.0003000 0.0003807 0.0003805
562: 6 1 5 0 6 5 0 5 1 5 73.0481900 -0.0003000 0.0000845 0.0000875
563: 6 1 5 1 6 5 0 5 0 5 73.3811100 -0.0003000 0.0002327 0.0002351
564: 6 2 5 0 6 5 1 5 1 5 73.4254900 -0.0003000 -0.0000932 -0.0000898
565: 6 3 4 0 6 5 2 4 1 5 73.6094300 -0.0003000 -0.0000806 -0.0000795
566: 6 2 5 1 6 5 1 5 0 5 73.7573500 -0.0003000 0.0001608 0.0001628
567: 6 3 4 1 6 5 2 4 0 5 73.9163400 -0.0003000 0.0000016 0.0000019
568: 6 4 2 0 6 5 3 2 1 5 73.9421000 -0.0003000 0.0000310 0.0000315
569: 6 4 2 1 6 5 3 2 0 5 74.2245900 -0.0003000 -0.0000780 -0.0000775
570: 10 3 7 0 10 9 4 5 1 9 75.0073400 -0.0003000 0.0001566 0.0001547
571: 10 3 7 1 10 9 4 5 0 9 75.2681600 -0.0003000 0.0007702 0.0007678
572: 6 4 3 0 6 5 3 3 1 5 76.0264200 -0.0003000 -0.0000155 -0.0000150
573: 6 4 3 1 6 5 3 3 0 5 76.3072800 -0.0003000 -0.0000224 -0.0000222
574: 11 3 8 0 11 10 4 6 1 10 76.4792300 -0.0003000 0.0007686 0.0007652
575: 11 3 8 1 11 10 4 6 0 10 76.7297400 -0.0003000 0.0002558 0.0002504
576: 6 4 2 0 6 5 3 3 0 5 77.5376900 -0.0003000 -0.0003477 -0.0003476
577: 12 6 7 1 12 11 7 5 0 11 79.3768900 -0.0003000 -0.0002281 -0.0002282
578: 6 5 1 0 6 5 4 1 1 5 80.3837600 -0.0003000 -0.0000965 -0.0000960
579: 6 5 2 1 6 5 4 1 1 5 80.4779300 -0.0003000 0.0000804 0.0000806
580: 6 5 2 0 6 5 4 2 1 5 80.6495600 -0.0003000 0.0001013 0.0001017
581: 6 5 1 1 6 5 4 1 0 5 80.6664100 -0.0003000 0.0000055 0.0000060
582: 6 5 1 0 6 5 4 2 0 5 80.8376500 -0.0003000 -0.0000158 -0.0000150
583: 6 5 1 1 6 5 4 2 1 5 80.8611900 -0.0003000 0.0000300 0.0000300
584: 7 3 4 0 7 6 2 4 1 6 80.9035400 -0.0003000 0.0002023 0.0002003
585: 6 5 2 1 6 5 4 2 0 5 80.9316000 -0.0003000 -0.0000589 -0.0000585
586: 7 3 4 1 7 6 2 4 0 6 81.2022400 -0.0003000 0.0001789 0.0001799
587: 10 4 6 0 10 9 5 4 1 9 81.3112600 -0.0003000 0.0001290 0.0001281
588: 7 4 3 0 7 6 3 3 1 6 82.7364000 -0.0003000 0.0002147 0.0002147
589: 7 4 3 1 7 6 3 3 0 6 83.0179400 -0.0003000 0.0002167 0.0002169
590: 7 2 5 0 7 6 1 5 1 6 83.6647000 -0.0003000 0.0002058 0.0002049
591: 7 2 5 1 7 6 1 5 0 6 83.9752300 -0.0003000 0.0002806 0.0002815
592: 7 3 5 0 7 6 2 5 1 6 85.2585000 -0.0003000 0.0002983 0.0002988
593: 7 1 6 0 7 6 0 6 1 6 85.5421900 -0.0003000 0.0000079 0.0000115
594: 7 3 5 1 7 6 2 5 0 6 85.5635400 -0.0003000 0.0001876 0.0001873
595: 7 2 6 0 7 6 1 6 1 6 85.6714300 -0.0003000 0.0001108 0.0001146
596: 7 1 6 1 7 6 0 6 0 6 85.8762100 -0.0003000 0.0001465 0.0001488
597: 6 6 0 0 6 5 5 0 1 5 85.9567200 -0.0003000 0.0006348 0.0006361
598: 7 2 6 1 7 6 1 6 0 6 86.0046300 -0.0003000 -0.0001091 -0.0001071
599: 6 6 0 1 6 5 5 0 0 5 86.2365500 -0.0003000 -0.0010728 -0.0010697
600: 6 6 1 1 6 5 5 1 0 5 86.2424100 -0.0003000 -0.0002038 -0.0002005
601: 7 4 4 0 7 6 3 4 1 6 86.4389900 -0.0003000 0.0001774 0.0001773
602: 11 5 6 1 11 10 6 4 0 10 86.4604600 -0.0003000 0.0005075 0.0005019
603: 7 4 4 1 7 6 3 4 0 6 86.7181400 -0.0003000 0.0002859 0.0002855
604: 11 4 7 1 11 10 5 5 0 10 89.1158200 -0.0003000 -0.0003215 -0.0003278
605: 7 5 2 1 7 6 4 2 0 6 89.4487000 -0.0003000 -0.0001475 -0.0001476
606: 7 5 3 0 7 6 4 3 1 6 90.1372700 -0.0003000 -0.0001060 -0.0001060
607: 7 5 3 1 7 6 4 3 0 6 90.3832600 -0.0003000 -0.0001436 -0.0001434
608: 7 5 2 0 7 6 4 3 0 6 90.6987600 -0.0003000 -0.0000176 -0.0000176
609: 8 4 4 0 8 7 3 4 1 7 92.4833100 -0.0003000 -0.0000255 -0.0000262
610: 8 4 4 1 8 7 3 4 0 7 92.7617200 -0.0003000 0.0004863 0.0004858
611: 8 3 5 0 8 7 2 5 1 7 93.4183500 -0.0003000 0.0001435 0.0001405
612: 8 3 5 1 8 7 2 5 0 7 93.7089200 -0.0003000 0.0000491 0.0000492
613: 7 6 1 0 7 6 5 1 1 6 95.1897800 -0.0003000 0.0002479 0.0002484
614: 7 6 2 0 7 6 5 2 1 6 95.2359300 -0.0003000 -0.0001767 -0.0001757
615: 7 6 2 0 7 6 5 1 0 6 95.3300100 -0.0003000 -0.0000899 -0.0000892
616: 7 6 1 1 7 6 5 2 1 6 95.3834800 -0.0003000 -0.0001277 -0.0001276
617: 7 6 1 1 7 6 5 1 0 6 95.4775300 -0.0003000 -0.0000709 -0.0000711
618: 7 6 2 1 7 6 5 2 0 6 95.5242700 -0.0003000 0.0002088 0.0002094
619: 8 5 4 1 8 7 4 3 1 7 96.1003300 -0.0003000 0.0000231 0.0000234
620: 8 2 6 0 8 7 1 6 1 7 96.5583800 -0.0003000 -0.0001722 -0.0001733
621: 8 2 6 1 8 7 1 6 0 7 96.8647000 -0.0003000 0.0000552 0.0000541
622: 8 3 6 0 8 7 2 6 1 7 97.2517400 -0.0003000 0.0000979 0.0000976
623: 8 4 5 0 8 7 3 5 1 7 97.4157400 -0.0003000 0.0000351 0.0000336
624: 8 5 3 0 8 7 4 3 1 7 97.5350300 -0.0003000 0.0000706 0.0000712
625: 8 3 6 1 8 7 2 6 0 7 97.5553400 -0.0003000 0.0001964 0.0001945
626: 8 4 5 1 8 7 3 5 0 7 97.6917300 -0.0003000 -0.0002433 -0.0002447
627: 8 5 3 1 8 7 4 3 0 7 97.7853200 -0.0003000 0.0002302 0.0002293
628: 8 1 7 0 8 7 0 7 1 7 97.9252000 -0.0003000 0.0003686 0.0003724
629: 8 2 7 0 8 7 1 7 1 7 97.9656700 -0.0003000 -0.0000327 -0.0000289
630: 8 1 7 1 8 7 0 7 0 7 98.2612700 -0.0003000 0.0001270 0.0001284
631: 8 2 7 1 8 7 1 7 0 7 98.3016700 -0.0003000 -0.0001765 -0.0001752
632: 8 5 4 0 8 7 4 4 1 7 99.9260500 -0.0003000 0.0001098 0.0001088
633: 8 5 4 1 8 7 4 4 0 7 100.1726700 -0.0003000 0.0000358 0.0000353
634: 7 7 0 0 7 6 6 0 1 6 100.5749000 -0.0003000 0.0000142 0.0000173 
635: 7 7 1 0 7 6 6 1 1 6 100.5749000 -0.0003000 0.0000142 0.0000173 
636: 7 7 0 1 7 6 6 0 0 6 100.8359100 -0.0003000 -0.0000286 -0.0000211 
637: 7 7 1 1 7 6 6 1 0 6 100.8359100 -0.0003000 -0.0000286 -0.0000211 
638: 8 5 3 0 8 7 4 4 0 7 101.6072300 -0.0003000 -0.0000567 -0.0000569
639: 9 4 5 0 9 8 3 5 1 8 103.5290400 -0.0003000 0.0001373 0.0001357
640: 9 4 5 1 9 8 3 5 0 8 103.7997100 -0.0003000 -0.0001523 -0.0001538
641: 8 6 2 0 8 7 5 2 1 7 104.2069700 -0.0003000 -0.0001588 -0.0001594
642: 8 6 3 1 8 7 5 2 1 7 104.2993700 -0.0003000 0.0000024 0.0000025
643: 8 6 2 1 8 7 5 2 0 7 104.4802400 -0.0003000 0.0000771 0.0000758
644: 8 6 3 0 8 7 5 3 1 7 104.5696900 -0.0003000 0.0005425 0.0005425
645: 8 6 2 0 8 7 5 3 0 7 104.7494700 -0.0003000 0.0001344 0.0001337
646: 8 6 3 1 8 7 5 3 0 7 104.8417300 -0.0003000 0.0001557 0.0001557
647: 9 5 4 0 9 8 4 4 1 8 105.9481200 -0.0003000 0.0001529 0.0001538
648: 9 5 4 1 9 8 4 4 0 8 106.1979800 -0.0003000 0.0002188 0.0002165
649: 9 3 6 0 9 8 2 6 1 8 106.5875300 -0.0003000 0.0002372 0.0002332
650: 9 3 6 1 9 8 2 6 0 8 106.8691300 -0.0003000 0.0001293 0.0001275
651: 9 4 6 0 9 8 3 6 1 8 108.9077800 -0.0003000 0.0000828 0.0000795
652: 9 2 7 0 9 8 1 7 1 8 109.1653700 -0.0003000 0.0001573 0.0001560
653: 9 4 6 1 9 8 3 6 0 8 109.1804000 -0.0003000 -0.0001004 -0.0001035
654: 9 3 7 0 9 8 2 7 1 8 109.4288100 -0.0003000 0.0001702 0.0001691
655: 9 2 7 1 9 8 1 7 0 8 109.4686000 -0.0003000 0.0000696 0.0000653
656: 9 3 7 1 9 8 2 7 0 8 109.7307100 -0.0003000 -0.0001417 -0.0001465
657: 8 7 1 0 8 7 6 1 1 7 109.8254800 -0.0003000 -0.0001827 -0.0001827
658: 8 7 2 0 8 7 6 2 1 7 109.8357300 -0.0003000 -0.0000629 -0.0000630
659: 8 7 1 1 8 7 6 1 0 7 110.0849300 -0.0003000 -0.0000691 -0.0000681
660: 8 7 2 1 8 7 6 2 0 7 110.0948600 -0.0003000 -0.0002396 -0.0002386
661: 9 5 5 0 9 8 4 5 1 8 110.1726600 -0.0003000 0.0001351 0.0001324
662: 9 1 8 0 9 8 0 8 1 8 110.2530900 -0.0003000 0.0000775 0.0000811
663: 9 2 8 0 9 8 1 8 1 8 110.2655100 -0.0003000 0.0002045 0.0002081
664: 9 5 5 1 9 8 4 5 0 8 110.4169900 -0.0003000 0.0002169 0.0002158
665: 9 1 8 1 9 8 0 8 0 8 110.5928400 -0.0003000 -0.0001300 -0.0001303
666: 9 6 4 1 9 8 5 3 1 8 112.5058500 -0.0003000 -0.0000161 -0.0000163
667: 9 6 3 0 9 8 5 3 1 8 112.9087600 -0.0003000 -0.0000527 -0.0000532
668: 7 4 3 1 7 6 1 5 0 6 112.9166200 -0.0003000 -0.0001481 -0.0001496
669: 9 6 3 1 9 8 5 3 0 8 113.1200700 -0.0003000 -0.0000168 -0.0000182
670: 9 6 4 1 9 8 5 4 0 8 114.1715500 -0.0003000 0.0002030 0.0002028
671: 9 6 3 0 9 8 5 4 0 8 114.5741000 -0.0003000 -0.0001936 -0.0001940
672: 8 8 0 0 8 7 7 0 1 7 115.0932300 -0.0003000 -0.0002187 -0.0002130 
673: 8 8 1 0 8 7 7 1 1 7 115.0932300 -0.0003000 -0.0002187 -0.0002130 
674: 10 5 5 0 10 9 4 5 1 9 115.2606000 -0.0003000 -0.0001855 -0.0001843
675: 8 8 0 1 8 7 7 0 0 7 115.3331000 -0.0003000 -0.0002456 -0.0002303 
676: 8 8 1 1 8 7 7 1 0 7 115.3331000 -0.0003000 -0.0002456 -0.0002303 
677: 10 5 5 1 10 9 4 5 0 9 115.5076500 -0.0003000 0.0002179 0.0002140
678: 7 5 2 1 7 6 2 4 0 6 115.8901700 -0.0003000 0.0001696 0.0001702
679: 10 4 6 0 10 9 3 6 1 9 115.9007100 -0.0003000 0.0000373 0.0000346
680: 9 7 2 0 9 8 6 2 1 8 118.9797200 -0.0003000 -0.0001253 -0.0001271
681: 9 7 3 0 9 8 6 3 1 8 119.0306100 -0.0003000 -0.0000552 -0.0000561
682: 9 7 3 0 9 8 6 2 0 8 119.1229700 -0.0003000 0.0000661 0.0000659
683: 9 7 2 0 9 8 6 3 0 8 119.2071700 -0.0003000 0.0009352 0.0009320
684: 9 7 2 1 9 8 6 2 0 8 119.2634600 -0.0003000 0.0000224 0.0000200
685: 9 7 3 1 9 8 6 3 0 8 119.3140300 -0.0003000 -0.0000364 -0.0000375
686: 10 6 5 1 10 9 5 4 1 9 119.4845200 -0.0003000 0.0000526 0.0000529
687: 10 3 7 0 10 9 2 7 1 9 119.6759800 -0.0003000 0.0000081 0.0000035
688: 10 3 7 1 10 9 2 7 0 9 119.9495500 -0.0003000 -0.0000279 -0.0000326
689: 10 4 7 0 10 9 3 7 1 9 120.7799500 -0.0003000 -0.0000477 -0.0000522
690: 10 5 6 0 10 9 4 6 1 9 120.9641600 -0.0003000 0.0000480 0.0000433
691: 10 6 4 0 10 9 5 4 1 9 121.0317300 -0.0003000 0.0000383 0.0000385
692: 10 4 7 1 10 9 3 7 0 9 121.0491000 -0.0003000 0.0001356 0.0001301
693: 10 5 6 1 10 9 4 6 0 9 121.2048300 -0.0003000 0.0001083 0.0001066
694: 10 6 4 1 10 9 5 4 0 9 121.2457500 -0.0003000 0.0001644 0.0001620
695: 10 2 8 0 10 9 1 8 1 9 121.5831700 -0.0003000 -0.0001680 -0.0001691
696: 10 3 8 0 10 9 2 8 1 9 121.6752900 -0.0003000 0.0000178 0.0000168
697: 10 2 8 1 10 9 1 8 0 9 121.8856400 -0.0003000 0.0003177 0.0003090
698: 10 3 8 1 10 9 2 8 0 9 121.9766500 -0.0003000 -0.0001741 -0.0001830
699: 10 1 9 0 10 9 0 9 1 9 122.5508400 -0.0003000 -0.0004743 -0.0004709 
700: 10 2 9 0 10 9 1 9 1 9 122.5508400 -0.0003000 -0.0004743 -0.0004709 
701: 10 1 9 1 10 9 0 9 0 9 122.8975600 -0.0003000 0.0002858 0.0002834 
702: 10 2 9 1 10 9 1 9 0 9 122.8975600 -0.0003000 0.0002858 0.0002834 
703: 10 6 5 0 10 9 5 5 1 9 123.6077300 -0.0003000 0.0000050 0.0000013
704: 10 6 5 1 10 9 5 5 0 9 123.8165400 -0.0003000 -0.0001173 -0.0001168
705: 9 8 1 0 9 8 7 1 1 8 124.3418300 -0.0003000 -0.0002947 -0.0002981 
706: 9 8 2 0 9 8 7 2 1 8 124.3418300 -0.0003000 -0.0002947 -0.0002981 
707: 9 8 1 1 9 8 7 1 0 8 124.5788800 -0.0003000 0.0000865 0.0000906
708: 9 8 2 1 9 8 7 2 0 8 124.5788800 -0.0003000 0.0000865 0.0000906
709: 10 6 4 0 10 9 5 5 0 9 125.3638600 -0.0003000 -0.0000216 -0.0000212
710: 11 5 6 0 11 10 4 6 1 10 125.9412100 -0.0003000 0.0002337 0.0002352
711: 11 5 6 1 11 10 4 6 0 10 126.1805600 -0.0003000 0.0000468 0.0000422
712: 8 5 3 0 8 7 2 5 1 7 126.4766000 -0.0003000 -0.0001781 -0.0001799
713: 8 5 3 1 8 7 2 5 0 7 126.7427800 -0.0003000 -0.0001131 -0.0001141
714: 10 7 4 1 10 9 6 3 1 9 127.9753500 -0.0003000 0.0000693 0.0000690
715: 10 7 3 1 10 9 6 3 0 9 128.1315700 -0.0003000 0.0001902 0.0001875
716: 10 7 4 0 10 9 6 4 1 9 128.3036400 -0.0003000 -0.0000786 -0.0000804
717: 10 7 3 0 10 9 6 4 0 9 128.4588100 -0.0003000 -0.0001816 -0.0001841
718: 10 7 4 1 10 9 6 4 0 9 128.5679900 -0.0003000 0.0001371 0.0001375
719: 11 6 5 0 11 10 5 5 1 10 129.0772300 -0.0003000 -0.0000075 -0.0000055
720: 11 4 7 0 11 10 3 7 1 10 129.1206400 -0.0003000 0.0000280 0.0000245
721: 11 6 5 1 11 10 5 5 0 10 129.2919100 -0.0003000 0.0000665 0.0000620
722: 11 4 7 1 11 10 3 7 0 10 129.3696700 -0.0003000 -0.0000737 -0.0000768
723: 9 9 0 0 9 8 8 0 1 8 129.5018900 -0.0003000 -0.0001601 -0.0001514
724: 9 9 1 0 9 8 8 1 1 8 129.5018900 -0.0003000 -0.0001601 -0.0001514
725: 9 9 0 1 9 8 8 0 0 8 129.7196700 -0.0003000 -0.0000552 -0.0000280
726: 9 9 1 1 9 8 8 1 0 8 129.7196700 -0.0003000 -0.0000552 -0.0000280
727: 11 5 7 0 11 10 4 7 1 10 132.2802400 -0.0003000 -0.0003959 -0.0004016
728: 11 3 8 0 11 10 2 8 1 10 132.4158600 -0.0003000 -0.0000879 -0.0000917
729: 11 5 7 1 11 10 4 7 0 10 132.5164300 -0.0003000 -0.0001635 -0.0001656
730: 11 3 8 1 11 10 2 8 0 10 132.6831900 -0.0003000 -0.0000238 -0.0000321
731: 11 4 8 0 11 10 3 8 1 10 132.8725000 -0.0003000 -0.0001795 -0.0001833
732: 11 4 8 1 11 10 3 8 0 10 133.1377900 -0.0003000 -0.0000431 -0.0000515
733: 10 8 2 0 10 9 7 2 1 9 133.5250500 -0.0003000 0.0002255 0.0002202
734: 10 8 3 0 10 9 7 3 1 9 133.5380300 -0.0003000 -0.0001179 -0.0001236
735: 10 8 3 0 10 9 7 2 0 9 133.6457400 -0.0003000 -0.0002395 -0.0002431
736: 10 8 2 1 10 9 7 3 1 9 133.6527700 -0.0003000 -0.0000687 -0.0000730
737: 10 8 2 0 10 9 7 3 0 9 133.6650700 -0.0003000 -0.0002882 -0.0002957
738: 11 6 6 0 11 10 5 6 1 10 133.6697400 -0.0003000 -0.0002295 -0.0002347
739: 10 8 2 1 10 9 7 2 0 9 133.7607000 -0.0003000 0.0000296 0.0000275
740: 10 8 3 1 10 9 7 3 0 9 133.7738200 -0.0003000 -0.0001239 -0.0001263
741: 11 2 9 0 11 10 1 9 1 10 133.9009400 -0.0003000 0.0001900 0.0001906
742: 11 3 9 0 11 10 2 9 1 10 133.9310700 -0.0003000 0.0000096 0.0000103
743: 11 2 9 1 11 10 1 9 0 10 134.2025700 -0.0003000 -0.0000274 -0.0000402
744: 11 3 9 1 11 10 2 9 0 10 134.2325400 -0.0003000 -0.0002081 -0.0002210
745: 11 1 10 0 11 10 0 10 1 10 134.8249000 -0.0003000 -0.0001285 -0.0001246 
746: 11 2 10 0 11 10 1 10 1 10 134.8249000 -0.0003000 -0.0001285 -0.0001246 
747: 11 1 10 1 11 10 0 10 0 10 135.1756000 -0.0003000 0.0001146 0.0001108
748: 11 2 10 1 11 10 1 10 0 10 135.1756000 -0.0003000 0.0001146 0.0001108
749: 11 7 4 0 11 10 6 4 1 10 136.4686600 -0.0003000 0.0001381 0.0001365
750: 11 7 4 1 11 10 6 4 0 10 136.6416600 -0.0003000 0.0000082 0.0000074
751: 11 7 5 0 11 10 6 5 1 10 137.5792000 -0.0003000 0.0001091 0.0001048
752: 11 7 5 1 11 10 6 5 0 10 137.7501600 -0.0003000 0.0005444 0.0005463
753: 12 6 6 0 12 11 5 6 1 11 137.9146200 -0.0003000 -0.0000627 -0.0000581
754: 12 5 7 0 12 11 4 7 1 11 138.0724600 -0.0003000 0.0001560 0.0001580
755: 12 6 6 1 12 11 5 6 0 11 138.1272900 -0.0003000 0.0000424 0.0000361
756: 12 5 7 1 12 11 4 7 0 11 138.3009500 -0.0003000 0.0001895 0.0001859
757: 10 9 1 0 10 9 8 1 1 9 138.7392000 -0.0003000 -0.0000568 -0.0000681
758: 10 9 2 0 10 9 8 2 1 9 138.7392000 -0.0003000 -0.0000568 -0.0000681
759: 10 9 1 1 10 9 8 1 0 9 138.9545700 -0.0003000 0.0001395 0.0001508 
760: 10 9 2 1 10 9 8 2 0 9 138.9545700 -0.0003000 0.0001395 0.0001508 
761: 9 5 4 1 9 8 2 6 0 8 141.4582500 -0.0003000 -0.0002923 -0.0002960
762: 12 4 8 0 12 11 3 8 1 11 142.3843000 -0.0003000 0.0006388 0.0006365
763: 11 8 3 0 11 10 7 3 1 10 142.5853700 -0.0003000 0.0001584 0.0001525
764: 12 4 8 1 12 11 3 8 0 11 142.6216200 -0.0003000 0.0000807 0.0000771
765: 11 8 4 0 11 10 7 4 1 10 142.6289800 -0.0003000 -0.0000287 -0.0000327
766: 11 8 4 0 11 10 7 3 0 10 142.7379800 -0.0003000 0.0001100 0.0001088
767: 11 8 3 1 11 10 7 4 1 10 142.7595800 -0.0003000 0.0000820 0.0000750
768: 11 8 4 1 11 10 7 4 0 10 142.9120600 -0.0003000 0.0001561 0.0001546
769: 10 10 0 0 10 9 9 0 1 9 143.7877500 -0.0003000 -0.0007180 -0.0007057 
770: 10 10 1 0 10 9 9 1 1 9 143.7877500 -0.0003000 -0.0007180 -0.0007057 
771: 10 10 0 1 10 9 9 0 0 9 143.9834900 -0.0003000 -0.0003968 -0.0003545 
772: 10 10 1 1 10 9 9 1 0 9 143.9834900 -0.0003000 -0.0003968 -0.0003545 
773: 12 5 8 0 12 11 4 8 1 11 144.0087400 -0.0003000 -0.0001208 -0.0001249
774: 12 5 8 1 12 11 4 8 0 11 144.2394900 -0.0003000 0.0000264 0.0000244
775: 12 6 7 0 12 11 5 7 1 11 144.2560400 -0.0003000 0.0001103 0.0001047
776: 12 7 5 0 12 11 6 5 1 11 144.4079300 -0.0003000 -0.0001066 -0.0001064
777: 12 6 7 1 12 11 5 7 0 11 144.4583400 -0.0003000 0.0001338 0.0001372
778: 12 7 5 1 12 11 6 5 0 11 144.5842400 -0.0003000 0.0002078 0.0002064
779: 12 3 9 0 12 11 2 9 1 11 144.8852900 -0.0003000 0.0001611 0.0001610
780: 12 4 9 0 12 11 3 9 1 11 145.0576100 -0.0003000 -0.0001325 -0.0001325
781: 12 3 9 1 12 11 2 9 0 11 145.1476600 -0.0003000 -0.0000542 -0.0000650
782: 12 4 9 1 12 11 3 9 0 11 145.3193000 -0.0003000 -0.0001490 -0.0001593
783: 12 2 10 0 12 11 1 10 1 11 146.1609500 -0.0003000 0.0001360 0.0001403
784: 12 3 10 0 12 11 2 10 1 11 146.1705400 -0.0003000 0.0001229 0.0001272
785: 12 2 10 1 12 11 1 10 0 11 146.4637800 -0.0003000 0.0002077 0.0001936
786: 12 3 10 1 12 11 2 10 0 11 146.4734500 -0.0003000 0.0003312 0.0003172
787: 12 7 6 0 12 11 6 6 1 11 147.0642100 -0.0003000 0.0001091 0.0001035
788: 12 1 11 0 12 11 0 11 1 11 147.0782500 -0.0003000 -0.0000229 -0.0000171 
789: 12 2 11 0 12 11 1 11 1 11 147.0782500 -0.0003000 -0.0000229 -0.0000171 
790: 12 7 6 1 12 11 6 6 0 11 147.2339300 -0.0003000 -0.0001022 -0.0000969
791: 12 1 11 1 12 11 0 11 0 11 147.4363800 -0.0003000 -0.0000210 -0.0000228 
792: 12 2 11 1 12 11 1 11 0 11 147.4363800 -0.0003000 -0.0000210 -0.0000228 
793: 11 9 3 0 11 10 8 3 1 10 147.9236800 -0.0003000 0.0000110 -0.0000051 
794: 11 9 2 0 11 10 8 2 1 10 147.9236800 -0.0003000 0.0000110 -0.0000051 
795: 11 9 2 1 11 10 8 2 0 10 148.1349000 -0.0003000 0.0000088 0.0000084 
796: 11 9 3 1 11 10 8 3 0 10 148.1349000 -0.0003000 0.0000088 0.0000084 
797: 13 6 7 0 13 12 5 7 1 12 148.1465500 -0.0003000 0.0000766 0.0000839
798: 13 6 7 1 13 12 5 7 0 12 148.3528800 -0.0003000 0.0002363 0.0002302
799: 13 5 8 0 13 12 4 8 1 12 151.2540800 -0.0003000 -0.0000517 -0.0000481
800: 12 8 4 0 12 11 7 4 1 11 151.3430300 -0.0003000 -0.0000595 -0.0000644
801: 12 8 5 1 12 11 7 4 1 11 151.4700300 -0.0003000 0.0001458 0.0001451
802: 13 5 8 1 13 12 4 8 0 12 151.4700300 -0.0003000 0.0001458 0.0001451
803: 12 8 4 1 12 11 7 4 0 11 151.5959200 -0.0003000 0.0002025 0.0002003
804: 12 8 5 0 12 11 7 5 1 11 151.8298400 -0.0003000 0.0008663 0.0008636
805: 12 8 4 0 12 11 7 5 0 11 151.9527400 -0.0003000 -0.0001347 -0.0001363
806: 12 8 5 1 12 11 7 5 0 11 152.0808500 -0.0003000 0.0002134 0.0002164
807: 13 7 6 0 13 12 6 6 1 12 152.1116600 -0.0003000 0.0000938 0.0000980
808: 13 7 6 1 13 12 6 6 0 12 152.2893500 -0.0003000 -0.0001075 -0.0001115
809: 11 10 1 0 11 10 9 1 1 10 153.0125600 -0.0003000 0.0001581 0.0001324 
810: 11 10 2 0 11 10 9 2 1 10 153.0125600 -0.0003000 0.0001581 0.0001324 
811: 11 10 1 1 11 10 9 1 0 10 153.2050300 -0.0003000 -0.0001877 -0.0001621
812: 11 10 2 1 11 10 9 2 0 10 153.2050300 -0.0003000 -0.0001877 -0.0001621
813: 13 4 9 0 13 12 3 9 1 12 155.2702200 -0.0003000 0.0000453 0.0000479
814: 13 6 8 0 13 12 5 8 1 12 155.3723600 -0.0003000 0.0001365 0.0001331
815: 13 4 9 1 13 12 3 9 0 12 155.4986400 -0.0003000 -0.0000179 -0.0000208
816: 13 6 8 1 13 12 5 8 0 12 155.5693100 -0.0003000 0.0000223 0.0000284
817: 10 6 4 0 10 9 3 6 1 9 155.6215100 -0.0003000 0.0002766 0.0002750
818: 13 5 9 0 13 12 4 9 1 12 155.9940700 -0.0003000 0.0001685 0.0001701
819: 13 5 9 1 13 12 4 9 0 12 156.2187800 -0.0003000 -0.0000938 -0.0000944
820: 13 7 7 0 13 12 6 7 1 12 156.9247000 -0.0003000 0.0001622 0.0001566
821: 12 9 3 0 12 11 8 3 1 11 157.0225900 -0.0003000 0.0000167 0.0000061
822: 12 9 4 0 12 11 8 4 1 11 157.0366700 -0.0003000 0.0000926 0.0000808
823: 13 7 7 1 13 12 6 7 0 12 157.0920000 -0.0003000 0.0000620 0.0000705
824: 12 9 3 1 12 11 8 3 0 11 157.2347000 -0.0003000 -0.0000633 -0.0000698
825: 12 9 4 1 12 11 8 4 0 11 157.2487300 -0.0003000 0.0000281 0.0000209
826: 13 4 10 0 13 12 3 10 1 12 157.2587900 -0.0003000 0.0000684 0.0000755
827: 13 3 10 1 13 12 2 10 0 12 157.4565100 -0.0003000 0.0000013 -0.0000077
828: 13 4 10 1 13 12 3 10 0 12 157.5174900 -0.0003000 -0.0000773 -0.0000856
829: 11 11 0 0 11 10 10 0 1 10 157.9415000 -0.0003000 -0.0001155 -0.0000974
830: 11 11 1 0 11 10 10 1 1 10 157.9415000 -0.0003000 -0.0001155 -0.0000974
831: 11 11 0 1 11 10 10 0 0 10 158.1146400 -0.0003000 -0.0005393 -0.0004817
832: 11 11 1 1 11 10 10 1 0 10 158.1146400 -0.0003000 -0.0005393 -0.0004817
833: 13 2 11 0 13 12 1 11 1 12 158.3834800 -0.0003000 0.0000239 0.0000338 
834: 13 3 11 0 13 12 2 11 1 12 158.3834800 -0.0003000 0.0000239 0.0000338 
835: 13 2 11 1 13 12 1 11 0 12 158.6868100 -0.0003000 -0.0003026 -0.0003100 
836: 13 3 11 1 13 12 2 11 0 12 158.6868100 -0.0003000 -0.0003026 -0.0003100 
837: 13 1 12 0 13 12 0 12 1 12 159.3121800 -0.0003000 0.0000818 0.0000915 
838: 13 2 12 0 13 12 1 12 1 12 159.3121800 -0.0003000 0.0000818 0.0000915 
839: 13 1 12 1 13 12 0 12 0 12 159.6785900 -0.0003000 -0.0000359 -0.0000282 
840: 13 2 12 1 13 12 1 12 0 12 159.6785900 -0.0003000 -0.0000359 -0.0000282 
841: 13 8 5 0 13 12 7 5 1 12 159.8526900 -0.0003000 0.0001703 0.0001702
842: 14 6 8 0 14 13 5 8 1 13 159.9360600 -0.0003000 -0.0000114 -0.0000016
843: 13 8 5 1 13 12 7 5 0 12 159.9877200 -0.0003000 -0.0000860 -0.0000840
844: 14 6 8 1 14 13 5 8 0 13 160.1310700 -0.0003000 -0.0001492 -0.0001525
845: 14 7 7 0 14 13 6 7 1 13 160.4477900 -0.0003000 -0.0000348 -0.0000265
846: 13 8 6 0 13 12 7 6 1 12 160.9710400 -0.0003000 0.0000051 0.0000007
847: 13 8 6 1 13 12 7 6 0 12 161.1033500 -0.0003000 -0.0000987 -0.0000930
848: 12 10 2 0 12 11 9 2 1 11 162.1848900 -0.0003000 0.0002154 0.0001789 
849: 12 10 3 0 12 11 9 3 1 11 162.1848900 -0.0003000 0.0002154 0.0001789 
850: 12 10 2 1 12 11 9 2 0 11 162.3744500 -0.0003000 -0.0001988 -0.0001939 
851: 12 10 3 1 12 11 9 3 0 11 162.3744500 -0.0003000 -0.0001988 -0.0001939 
852: 14 5 9 0 14 13 4 9 1 13 164.6540100 -0.0003000 0.0001455 0.0001533
853: 14 5 9 1 14 13 4 9 0 13 164.8552400 -0.0003000 0.0000864 0.0000884
854: 13 9 4 0 13 12 8 4 1 12 165.9791300 -0.0003000 -0.0000216 -0.0000276
855: 13 9 5 0 13 12 8 5 1 12 166.0127500 -0.0003000 -0.0001084 -0.0001111
856: 13 9 4 1 13 12 8 5 1 12 166.1307400 -0.0003000 0.0000065 -0.0000067
857: 13 9 5 0 13 12 8 4 0 12 166.1406200 -0.0003000 -0.0000004 0.0000015
858: 13 9 4 1 13 12 8 4 0 12 166.2585400 -0.0003000 0.0000445 0.0000360
859: 13 9 5 1 13 12 8 5 0 12 166.2915400 -0.0003000 -0.0003743 -0.0003782
860: 14 6 9 0 14 13 5 9 1 13 166.9282500 -0.0003000 0.0001506 0.0001533
861: 14 6 9 1 14 13 5 9 0 13 167.1188700 -0.0003000 -0.0001258 -0.0001163
862: 12 11 1 0 12 11 10 1 1 11 167.1502400 -0.0003000 -0.0002123 -0.0002579 
863: 12 11 2 0 12 11 10 2 1 11 167.1502400 -0.0003000 -0.0002123 -0.0002579 
864: 14 7 8 0 14 13 6 8 1 13 167.2835800 -0.0003000 0.0002185 0.0002144
865: 12 11 1 1 12 11 10 1 0 11 167.3212500 -0.0003000 -0.0002690 -0.0002177
866: 12 11 2 1 12 11 10 2 0 11 167.3212500 -0.0003000 -0.0002690 -0.0002177
867: 14 8 6 0 14 13 7 6 1 13 167.6375100 -0.0003000 0.0001588 0.0001618
868: 14 8 6 1 14 13 7 6 0 13 167.7757900 -0.0003000 -0.0000098 -0.0000088
869: 14 4 10 0 14 13 3 10 1 13 167.8046400 -0.0003000 0.0001484 0.0001595
870: 14 4 10 1 14 13 3 10 0 13 168.0255900 -0.0003000 0.0000889 0.0000897
871: 14 5 10 0 14 13 4 10 1 13 168.0976900 -0.0003000 0.0001411 0.0001520
872: 14 5 10 1 14 13 4 10 0 13 168.3169500 -0.0003000 -0.0000653 -0.0000616
873: 14 3 11 0 14 13 2 11 1 13 169.4188000 -0.0003000 0.0001017 0.0001172
874: 14 4 11 0 14 13 3 11 1 13 169.4397700 -0.0003000 0.0001430 0.0001588
875: 14 3 11 1 14 13 2 11 0 13 169.6753400 -0.0003000 -0.0001638 -0.0001621
876: 14 4 11 1 14 13 3 11 0 13 169.6963200 -0.0003000 0.0000169 0.0000193
877: 15 7 8 0 15 14 6 8 1 14 170.1543800 -0.0003000 0.0001766 0.0001864
878: 14 8 7 0 14 13 7 7 1 13 170.2815500 -0.0003000 -0.0001006 -0.0001054
879: 15 7 8 1 15 14 6 8 0 14 170.3268400 -0.0003000 0.0002034 0.0001966
880: 14 8 7 1 14 13 7 7 0 13 170.4133200 -0.0003000 -0.0001501 -0.0001406
881: 14 2 12 0 14 13 1 12 1 13 170.5700600 -0.0003000 0.0000406 0.0000556 
882: 14 3 12 0 14 13 2 12 1 13 170.5700600 -0.0003000 0.0000406 0.0000556 
883: 14 2 12 1 14 13 1 12 0 13 170.8775700 -0.0003000 -0.0002358 -0.0002214 
884: 14 3 12 1 14 13 2 12 0 13 170.8775700 -0.0003000 -0.0002358 -0.0002214 
885: 13 10 3 0 13 12 9 3 1 12 171.2886500 -0.0003000 0.0000893 0.0000630 
886: 13 10 4 0 13 12 9 4 1 12 171.2886500 -0.0003000 0.0000893 0.0000630 
887: 13 10 3 1 13 12 9 3 0 12 171.4741100 -0.0003000 -0.0001915 -0.0002065 
888: 13 10 4 1 13 12 9 4 0 12 171.4741100 -0.0003000 -0.0001915 -0.0002065 
889: 14 1 13 0 14 13 0 13 1 13 171.5249800 -0.0003000 -0.0006901 -0.0006735 
890: 14 2 13 0 14 13 1 13 1 13 171.5249800 -0.0003000 -0.0006901 -0.0006735 
891: 14 1 13 1 14 13 0 13 0 13 171.9022200 -0.0003000 0.0001240 0.0001552 
892: 14 2 13 1 14 13 1 13 0 13 171.9022200 -0.0003000 0.0001240 0.0001552 
893: 12 12 0 0 12 11 11 0 1 11 171.9513300 -0.0003000 0.0000239 0.0000551 
894: 12 12 1 0 12 11 11 1 1 11 171.9513300 -0.0003000 0.0000239 0.0000551 
895: 12 12 0 1 12 11 11 0 0 11 172.1030900 -0.0003000 -0.0007155 -0.0006494
896: 12 12 1 1 12 11 11 1 0 11 172.1030900 -0.0003000 -0.0007155 -0.0006494
897: 15 6 9 0 15 14 5 9 1 14 172.9765500 -0.0003000 0.0001703 0.0001819
898: 15 6 9 1 15 14 5 9 0 14 173.1573500 -0.0003000 0.0001221 0.0001209
899: 14 9 5 0 14 13 8 5 1 13 174.6144700 -0.0003000 -0.0002189 -0.0002232
900: 14 9 6 1 14 13 8 5 1 13 174.7560000 -0.0003000 -0.0001155 -0.0001143
901: 14 9 5 1 14 13 8 5 0 13 174.8489200 -0.0003000 -0.0000978 -0.0001031
902: 15 8 7 0 15 14 7 7 1 14 175.0359000 -0.0003000 0.0000162 0.0000208
903: 14 9 6 0 14 13 8 6 1 13 175.1221800 -0.0003000 -0.0001378 -0.0001349
904: 15 8 7 1 15 14 7 7 0 14 175.1772100 -0.0003000 -0.0001551 -0.0001593
905: 14 9 5 0 14 13 8 6 0 13 175.2142000 -0.0003000 -0.0000074 -0.0000071
906: 14 9 6 1 14 13 8 6 0 13 175.3557200 -0.0003000 0.0000860 0.0000917
907: 13 11 2 0 13 12 10 2 1 12 176.3079700 -0.0003000 0.0001525 0.0000826 
908: 13 11 3 0 13 12 10 3 1 12 176.3079700 -0.0003000 0.0001525 0.0000826 
909: 13 11 2 1 13 12 10 2 0 12 176.4758600 -0.0003000 -0.0001343 -0.0001174 
910: 13 11 3 1 13 12 10 3 0 12 176.4758600 -0.0003000 -0.0001343 -0.0001174 
911: 15 5 10 0 15 14 4 10 1 14 177.6937600 -0.0003000 -0.0002147 -0.0002015
912: 15 5 10 1 15 14 4 10 0 14 177.8834000 -0.0003000 -0.0000703 -0.0000668
913: 15 7 9 0 15 14 6 9 1 14 178.1722200 -0.0003000 -0.0001391 -0.0001411
914: 15 7 9 1 15 14 6 9 0 14 178.3308700 -0.0003000 0.0001617 0.0001739
915: 15 6 10 0 15 14 5 10 1 14 178.7775200 -0.0003000 0.0000086 0.0000187
916: 15 6 10 1 15 14 5 10 0 14 178.9614700 -0.0003000 -0.0002424 -0.0002309
917: 15 8 8 0 15 14 7 8 1 14 179.9247900 -0.0003000 0.0000734 0.0000666
918: 15 8 8 1 15 14 7 8 0 14 180.0547100 -0.0003000 0.0002787 0.0002878
919: 15 4 11 0 15 14 3 11 1 14 180.1167800 -0.0003000 -0.0000459 -0.0000274
920: 15 5 11 0 15 14 4 11 1 14 180.2282900 -0.0003000 0.0001087 0.0001276
921: 14 10 4 0 14 13 9 4 1 13 180.2915600 -0.0003000 -0.0001518 -0.0001547
922: 14 10 5 0 14 13 9 5 1 13 180.3042400 -0.0003000 0.0000632 0.0000584
923: 15 4 11 1 15 14 3 11 0 14 180.3320500 -0.0003000 0.0002252 0.0002347
924: 15 5 11 1 15 14 4 11 0 14 180.4425400 -0.0003000 -0.0000034 0.0000093
925: 14 10 4 1 14 13 9 4 0 13 180.4806500 -0.0003000 -0.0000918 -0.0001202
926: 14 10 5 1 14 13 9 5 0 13 180.4933300 -0.0003000 0.0001977 0.0001679
927: 13 12 1 0 13 12 11 1 1 12 181.1434200 -0.0003000 -0.0001639 -0.0002278 
928: 13 12 2 0 13 12 11 2 1 12 181.1434200 -0.0003000 -0.0001639 -0.0002278 
929: 13 12 1 1 13 12 11 1 0 12 181.2931300 -0.0003000 -0.0006508 -0.0005542 
930: 13 12 2 1 13 12 11 2 0 12 181.2931300 -0.0003000 -0.0006508 -0.0005542 
931: 15 3 12 0 15 14 2 12 1 14 181.5801100 -0.0003000 0.0001778 0.0001970
932: 15 4 12 0 15 14 3 12 1 14 181.5866600 -0.0003000 -0.0001869 -0.0001675
933: 15 3 12 1 15 14 2 12 0 14 181.8353300 -0.0003000 0.0001206 0.0001487
934: 15 4 12 1 15 14 3 12 0 14 181.8421400 -0.0003000 0.0000629 0.0000917
935: 15 2 13 0 15 14 1 13 1 14 182.7282200 -0.0003000 -0.0000630 -0.0000482 
936: 15 3 13 0 15 14 2 13 1 14 182.7282200 -0.0003000 -0.0000630 -0.0000482 
937: 16 8 8 0 16 15 7 8 1 15 182.8643300 -0.0003000 -0.0000340 -0.0000362
938: 15 9 6 0 15 14 8 6 1 14 183.0339400 -0.0003000 0.0008818 0.0008876
939: 15 2 13 1 15 14 1 13 0 14 183.0395600 -0.0003000 0.0000727 0.0001344 
940: 15 3 13 1 15 14 2 13 0 14 183.0395600 -0.0003000 0.0000727 0.0001344 
941: 15 9 6 1 15 14 8 6 0 14 183.1327300 -0.0003000 0.0000347 0.0000330
942: 15 1 14 0 15 14 0 14 1 14 183.7186400 -0.0003000 0.0001926 0.0002194
943: 15 2 14 0 15 14 1 14 1 14 183.7186400 -0.0003000 0.0001926 0.0002194
944: 15 1 14 1 15 14 0 14 0 14 184.1058800 -0.0003000 -0.0002761 -0.0001978 
945: 15 2 14 1 15 14 1 14 0 14 184.1058800 -0.0003000 -0.0002761 -0.0001978 
946: 15 9 7 0 15 14 8 7 1 14 184.1194900 -0.0003000 0.0000092 0.0000106
947: 15 9 7 1 15 14 8 7 0 14 184.2168100 -0.0003000 0.0005876 0.0005904
948: 14 11 3 0 14 13 10 3 1 13 185.3996100 -0.0003000 -0.0000239 -0.0000787 
949: 14 11 4 0 14 13 10 4 1 13 185.3996100 -0.0003000 -0.0000239 -0.0000787 
950: 14 11 3 1 14 13 10 3 0 13 185.5648900 -0.0003000 0.0001366 0.0001040 
951: 14 11 4 1 14 13 10 4 0 13 185.5648900 -0.0003000 0.0001366 0.0001040 
952: 13 13 0 0 13 12 12 0 1 12 185.8079200 -0.0003000 -0.0003761 -0.0003118 
953: 13 13 1 0 13 12 12 1 1 12 185.8079200 -0.0003000 -0.0003761 -0.0003118 
954: 13 13 0 1 13 12 12 0 0 12 185.9401700 -0.0003000 -0.0005968 -0.0005416 
955: 13 13 1 1 13 12 12 1 0 12 185.9401700 -0.0003000 -0.0005968 -0.0005416 
956: 16 6 10 0 16 15 5 10 1 15 186.4551600 -0.0003000 0.0000240 0.0000313
957: 16 6 10 1 16 15 5 10 0 15 186.6210700 -0.0003000 0.0000854 0.0000766
958: 15 10 6 0 15 14 9 6 1 14 189.1613700 -0.0003000 -0.0001059 -0.0000904
959: 15 10 5 1 15 14 9 6 1 14 189.2647500 -0.0003000 -0.0002255 -0.0002616
960: 15 10 6 0 15 14 9 5 0 14 189.3030200 -0.0003000 0.0001176 0.0001385
961: 15 10 5 0 15 14 9 6 0 14 189.3490800 -0.0003000 -0.0001242 -0.0001189
962: 15 10 5 1 15 14 9 5 0 14 189.4060700 -0.0003000 -0.0003320 -0.0003627
963: 15 10 6 1 15 14 9 6 0 14 189.4300600 -0.0003000 -0.0002895 -0.0003171
964: 16 7 10 0 16 15 6 10 1 15 189.5248100 -0.0003000 0.0000194 0.0000144
965: 16 7 10 1 16 15 6 10 0 15 189.6766700 -0.0003000 -0.0001548 -0.0001510
966: 16 8 9 1 16 15 7 9 0 15 190.1619700 -0.0003000 -0.0000034 -0.0000034
967: 14 12 2 0 14 13 11 2 1 13 190.2835900 -0.0003000 0.0001368 0.0000208 
968: 14 12 3 0 14 13 11 3 1 13 190.2835900 -0.0003000 0.0001368 0.0000208 
969: 16 5 11 0 16 15 4 11 1 15 190.3089300 -0.0003000 0.0002165 0.0002264
970: 14 12 2 1 14 13 11 2 0 13 190.4308400 -0.0003000 -0.0001473 -0.0001071 
971: 14 12 3 1 14 13 11 3 0 13 190.4308400 -0.0003000 -0.0001473 -0.0001071 
972: 16 9 7 0 16 15 8 7 1 15 190.6914200 -0.0003000 0.0000651 0.0000677
973: 16 6 11 0 16 15 5 11 1 15 190.7755800 -0.0003000 -0.0002319 -0.0002231
974: 16 6 11 1 16 15 5 11 0 15 190.9533400 -0.0003000 0.0001122 0.0001196
975: 17 8 9 1 17 16 7 9 0 16 192.1182600 -0.0003000 0.0001782 0.0001460
976: 16 4 12 0 16 15 3 12 1 15 192.2976500 -0.0003000 0.0000151 0.0000266
977: 16 5 12 0 16 15 4 12 1 15 192.3378500 -0.0003000 -0.0002421 -0.0002299
978: 16 4 12 1 16 15 3 12 0 15 192.5076800 -0.0003000 -0.0000085 0.0000161
979: 16 5 12 1 16 15 4 12 0 15 192.5481100 -0.0003000 0.0002157 0.0002430
980: 16 9 8 1 16 15 8 8 0 15 193.3413800 -0.0003000 0.0000681 0.0000640
981: 16 3 13 0 16 15 2 13 1 15 193.6947000 -0.0003000 -0.0002962 -0.0002920 
982: 16 4 13 0 16 15 3 13 1 15 193.6947000 -0.0003000 -0.0002962 -0.0002920 
983: 16 3 13 1 16 15 2 13 0 15 193.9499800 -0.0003000 -0.0002717 -0.0001933 
984: 16 4 13 1 16 15 3 13 0 15 193.9499800 -0.0003000 -0.0002717 -0.0001933 
985: 15 11 4 0 15 14 10 4 1 14 194.4095900 -0.0003000 -0.0001384 -0.0001455 
986: 15 11 5 0 15 14 10 5 1 14 194.4095900 -0.0003000 -0.0001384 -0.0001455 
987: 17 7 10 1 17 16 6 10 0 16 194.4301100 -0.0003000 0.0000799 0.0000432
988: 15 11 4 1 15 14 10 4 0 14 194.5700500 -0.0003000 0.0000969 0.0000166
989: 16 2 14 0 16 15 1 14 1 15 194.8572700 -0.0003000 -0.0002276 -0.0002285 
990: 16 3 14 0 16 15 2 14 1 15 194.8572700 -0.0003000 -0.0002276 -0.0002285 
991: 14 13 1 0 14 13 12 1 1 13 194.9826800 -0.0003000 -0.0000356 -0.0000963 
992: 14 13 2 0 14 13 12 2 1 13 194.9826800 -0.0003000 -0.0000356 -0.0000963 
993: 14 13 1 1 14 13 12 1 0 13 195.1128100 -0.0003000 -0.0004694 -0.0002928 
994: 14 13 2 1 14 13 12 2 0 13 195.1128100 -0.0003000 -0.0004694 -0.0002928 
995: 16 2 14 1 16 15 1 14 0 15 195.1736600 -0.0003000 0.0000786 0.0002266 
996: 16 3 14 1 16 15 2 14 0 15 195.1736600 -0.0003000 0.0000786 0.0002266 
997: 16 1 15 0 16 15 0 15 1 15 195.8897200 -0.0003000 0.0000503 0.0000913 
998: 16 2 15 0 16 15 1 15 1 15 195.8897200 -0.0003000 0.0000503 0.0000913 
999: 16 1 15 1 16 15 0 15 0 15 196.2899600 -0.0003000 -0.0002329 -0.0000709 
1000: 16 2 15 1 16 15 1 15 0 15 196.2899600 -0.0003000 -0.0002329 -0.0000709 
1001: 16 10 7 1 16 15 9 6 1 15 197.8046000 -0.0003000 0.0001371 0.0001392
1002: 16 10 6 1 16 15 9 6 0 15 197.8673500 -0.0003000 -0.0002807 -0.0003081
1003: 17 9 8 1 17 16 8 8 0 16 197.9387800 -0.0003000 -0.0002165 -0.0002487
1004: 16 10 6 0 16 15 9 7 0 15 198.2240900 -0.0003000 -0.0002764 -0.0002749
1005: 15 12 3 0 15 14 11 3 1 14 199.3593200 -0.0003000 0.0000538 -0.0000523 
1006: 15 12 4 0 15 14 11 4 1 14 199.3593200 -0.0003000 0.0000538 -0.0000523 
1007: 14 14 0 0 14 13 13 0 1 13 199.5038100 -0.0003000 -0.0001955 -0.0001526 
1008: 14 14 1 0 14 13 13 1 1 13 199.5038100 -0.0003000 -0.0001955 -0.0001526 
1009: 15 12 3 1 15 14 11 3 0 14 199.5038100 -0.0003000 -0.0001955 -0.0001526 
1010: 15 12 4 1 15 14 11 4 0 14 199.5038100 -0.0003000 -0.0001955 -0.0001526 
1011: 14 14 0 1 14 13 13 0 0 13 199.6175100 -0.0003000 -0.0003198 -0.0003133 
1012: 14 14 1 1 14 13 13 1 0 13 199.6175100 -0.0003000 -0.0003198 -0.0003133 
1013: 17 6 11 1 17 16 5 11 0 16 199.7997200 -0.0003000 -0.0001826 -0.0002260
1014: 17 8 10 0 17 16 7 10 1 16 200.6698800 -0.0003000 -0.0000247 -0.0000695
1015: 17 8 10 1 17 16 7 10 0 16 200.7924200 -0.0003000 0.0008385 0.0008070
1016: 17 7 11 0 17 16 6 11 1 16 201.2071700 -0.0003000 -0.0002468 -0.0002787
1017: 17 5 12 1 17 16 4 12 0 16 202.8010700 -0.0003000 0.0001327 0.0001102
1018: 17 6 12 1 17 16 5 12 0 16 202.9882100 -0.0003000 -0.0000237 -0.0000377
1019: 16 11 5 0 16 15 10 5 1 15 203.3074800 -0.0003000 0.0000144 0.0000755
1020: 16 11 5 1 16 15 10 5 0 15 203.4743900 -0.0003000 0.0003566 0.0002446
1021: 16 11 6 1 16 15 10 6 0 15 203.4837000 -0.0003000 0.0002698 0.0001550
1022: 15 13 2 0 15 14 12 2 1 14 204.1033900 -0.0003000 0.0002862 0.0001183 
1023: 15 13 3 0 15 14 12 3 1 14 204.1033900 -0.0003000 0.0002862 0.0001183 
1024: 15 13 2 1 15 14 12 2 0 14 204.2309900 -0.0003000 -0.0003439 -0.0002597 
1025: 15 13 3 1 15 14 12 3 0 14 204.2309900 -0.0003000 -0.0003439 -0.0002597 
1026: 17 4 13 0 17 16 3 13 1 16 204.3933200 -0.0003000 0.0001814 0.0001441
1027: 17 5 13 0 17 16 4 13 1 16 204.4074900 -0.0003000 0.0001278 0.0000912
1028: 17 4 13 1 17 16 3 13 0 16 204.5985800 -0.0003000 -0.0004891 -0.0004462
1029: 17 3 14 0 17 16 2 14 1 16 205.7674300 -0.0003000 -0.0003606 -0.0004158 
1030: 17 4 14 0 17 16 3 14 1 16 205.7674300 -0.0003000 -0.0003606 -0.0004158 
1031: 17 3 14 1 17 16 2 14 0 16 206.0221800 -0.0003000 0.0001348 0.0002939 
1032: 17 4 14 1 17 16 3 14 0 16 206.0221800 -0.0003000 0.0001348 0.0002939 
1033: 17 2 15 0 17 16 1 15 1 16 206.9576700 -0.0003000 -0.0002401 -0.0002888 
1034: 17 3 15 0 17 16 2 15 1 16 206.9576700 -0.0003000 -0.0002401 -0.0002888 
1035: 17 10 8 0 17 16 9 8 1 16 207.0060300 -0.0003000 0.0001842 0.0001991
1036: 17 1 16 0 17 16 0 16 1 16 208.0384000 -0.0003000 -0.0001495 -0.0000889 
1037: 17 2 16 0 17 16 1 16 1 16 208.0384000 -0.0003000 -0.0001495 -0.0000889 
1038: 16 12 4 0 16 15 11 4 1 15 208.3574400 -0.0003000 -0.0001242 -0.0001473 
1039: 16 12 5 0 16 15 11 5 1 15 208.3574400 -0.0003000 -0.0001242 -0.0001473 
1040: 16 12 4 1 16 15 11 4 0 15 208.4994800 -0.0003000 0.0006163 0.0004303 
1041: 16 12 5 1 16 15 11 5 0 15 208.4994800 -0.0003000 0.0006163 0.0004303 
1042: 15 14 1 0 15 14 13 1 1 14 208.6595000 -0.0003000 -0.0001082 -0.0001013 
1043: 15 14 2 0 15 14 13 2 1 14 208.6595000 -0.0003000 -0.0001082 -0.0001013 
1044: 15 14 1 1 15 14 13 1 0 14 208.7715500 -0.0003000 -0.0004899 -0.0001710 
1045: 15 14 2 1 15 14 13 2 0 14 208.7715500 -0.0003000 -0.0004899 -0.0001710 
1046: 18 6 12 0 18 17 5 12 1 17 212.3600900 -0.0003000 0.0001618 0.0000429
1047: 15 15 0 0 15 14 14 0 1 14 213.0317400 -0.0003000 0.0002110 0.0005241 
1048: 15 15 1 0 15 14 14 1 1 14 213.0317400 -0.0003000 0.0002110 0.0005241 
1049: 15 15 0 1 15 14 14 0 0 14 213.1285800 -0.0003000 0.0011193 0.0010132 
1050: 15 15 1 1 15 14 14 1 0 14 213.1285800 -0.0003000 0.0011193 0.0010132 
1051: 16 13 3 0 16 15 12 3 1 15 213.1597900 -0.0003000 0.0002905 0.0000998 
1052: 16 13 4 0 16 15 12 4 1 15 213.1597900 -0.0003000 0.0002905 0.0000998 
1053: 16 13 3 1 16 15 12 3 0 15 213.2856500 -0.0003000 0.0006517 0.0005182 
1054: 16 13 4 1 16 15 12 4 0 15 213.2856500 -0.0003000 0.0006517 0.0005182 
1055: 18 10 9 1 18 17 9 9 0 17 216.0030200 -0.0003000 -0.0002364 -0.0002988
1056: 17 12 5 1 17 16 11 5 0 16 217.4011700 -0.0003000 0.0007568 0.0004777 
1057: 17 12 6 1 17 16 11 6 0 16 217.4011700 -0.0003000 0.0007568 0.0004777 
1058: 16 14 2 0 16 15 13 2 1 15 217.7591400 -0.0003000 0.0003691 0.0001638 
1059: 16 14 3 0 16 15 13 3 1 15 217.7591400 -0.0003000 0.0003691 0.0001638 
1060: 18 3 15 0 18 17 2 15 1 17 217.8019700 -0.0003000 0.0003273 0.0001253 
1061: 18 4 15 0 18 17 3 15 1 17 217.8019700 -0.0003000 0.0003273 0.0001253 
1062: 16 14 2 1 16 15 13 2 0 15 217.8689900 -0.0003000 -0.0004640 -0.0002983 
1063: 16 14 3 1 16 15 13 3 0 15 217.8689900 -0.0003000 -0.0004640 -0.0002983 
1064: 18 3 15 1 18 17 2 15 0 17 218.0566100 -0.0003000 -0.0002702 0.0000063
1065: 18 4 15 1 18 17 3 15 0 17 218.0566100 -0.0003000 -0.0002702 0.0000063
1066: 18 2 16 0 18 17 1 16 1 17 219.0290300 -0.0003000 -0.0000539 -0.0002088
1067: 18 3 16 0 18 17 2 16 1 17 219.0290300 -0.0003000 -0.0000539 -0.0002088
1068: 18 2 16 1 18 17 1 16 0 17 219.3574400 -0.0003000 -0.0002329 0.0002752 
1069: 18 3 16 1 18 17 2 16 0 17 219.3574400 -0.0003000 -0.0002329 0.0002752 