i J' Ka' Kc' inv' F' J" Ka" Kc" inv" F" nu unc fit fit2
1: 6 0 6 1 6 6 1 6 0 6 4860.20000 0.10000 -0.07811 -0.09723
2: 8 0 8 1 8 8 1 8 0 8 5364.03000 0.10000 -0.02069 -0.01329
3: 7 1 7 1 7 7 0 7 0 7 5392.07000 0.10000 -0.01599 -0.02389
4: 8 1 8 1 8 8 0 8 0 8 5414.15000 0.10000 -0.05337 -0.04609
5: 9 0 9 1 9 9 1 9 0 9 5494.98000 0.10000 0.02112 0.04308
6: 9 1 9 1 9 9 0 9 0 9 5507.75000 0.10000 -0.06078 -0.03884
7: 6 1 6 1 6 6 0 6 0 6 5581.08000 0.10000 -0.00478 -0.02439
8: 10 0 10 1 10 10 1 10 0 10 5631.97000 0.10000 0.05516 0.08652
9: 10 1 10 1 10 10 0 10 0 10 5635.18000 0.10000 0.00526 0.03664
10: 11 0 11 1 11 11 1 11 0 11 5786.44000 0.10000 0.09971 0.13094
11: 11 1 11 1 11 11 0 11 0 11 5787.16000 0.10000 -0.00245 0.02880
12: 12 1 12 1 12 12 0 12 0 12 5962.30000 0.10000 -0.15263 -0.13368
13: 13 0 13 1 13 13 1 13 0 13 6161.86000 0.10000 -0.01166 -0.01688
14: 14 0 14 1 14 14 1 14 0 14 6387.23000 0.10000 0.04721 0.01008
15: 5 1 5 1 5 5 0 5 0 5 6461.09000 0.10000 -0.04114 -0.06665
16: 6 2 5 0 6 6 1 5 1 6 7801.38000 0.10000 -0.00227 0.00446
17: 3 1 3 0 3 3 0 3 1 3 8283.92000 0.10000 -0.01532 0.00400
18: 20 0 20 1 20 20 1 20 0 20 8415.69000 0.10000 -0.00097 -0.00034
19: 20 1 20 1 20 20 0 20 0 20 8415.69000 0.10000 -0.00097 -0.00034
20: 7 2 6 1 7 7 1 6 0 7 9006.88000 0.10000 0.04823 0.01910
21: 17 6 12 1 17 17 5 12 0 17 9381.12000 0.10000 -0.12914 0.10079
22: 4 1 4 1 4 4 0 4 0 4 9517.49000 0.10000 0.03931 0.01384
23: 12 4 9 1 12 12 3 9 0 12 9827.97000 0.10000 0.02798 -0.07258
24: 19 7 13 0 19 19 6 13 1 19 10013.34000 0.10000 -0.12757 0.01043
25: 11 4 8 0 11 11 3 8 1 11 13067.71000 0.10000 0.18785 0.20941
26: 14 5 10 1 14 14 4 10 0 14 13947.20000 0.10000 0.04824 0.02640
27: 16 6 11 0 16 16 5 11 1 16 15587.42000 0.10000 -0.24117 0.04970
28: 6 2 5 1 6 6 1 5 0 6 17392.56000 0.10000 -0.09009 -0.09725
29: 3 1 3 1 3 3 0 3 0 3 18481.81000 0.10000 0.03697 0.01494
30: 16 6 11 1 16 16 5 11 0 16 20448.44000 0.10000 -0.03629 0.03635
31: 11 4 8 1 11 11 3 8 0 11 20538.89000 0.10000 0.03643 0.00543
32: 8 3 6 0 8 8 2 6 1 8 20608.74000 0.10000 0.02175 0.01303
33: 13 5 9 0 13 13 4 9 1 13 24675.05000 0.10000 0.07903 0.11347
34: 2 1 2 0 2 2 0 2 1 2 28561.69900 0.10000 -0.00131 0.01228
35: 5 2 4 0 5 5 1 4 1 5 28678.51600 0.10000 -0.01197 -0.01434
36: 8 3 6 1 8 8 2 6 0 8 29320.08300 0.10000 0.01837 0.02029
37: 18 7 12 1 18 18 6 12 0 18 30281.97000 0.10000 -0.28336 -0.12215
38: 13 5 9 1 13 13 4 9 0 13 30975.69000 0.10000 0.09221 0.11326
39: 5 2 4 1 5 5 1 4 0 5 38327.00500 0.10000 0.00137 0.00585
40: 10 4 7 0 10 10 3 7 1 10 38387.86000 0.10000 0.06126 0.02705
41: 2 1 2 1 2 2 0 2 0 2 38738.58600 0.10000 -0.01645 -0.03570
42: 15 6 10 0 15 15 5 10 1 15 40749.73000 0.10000 -0.09914 0.07798
43: 15 6 10 1 15 15 5 10 0 15 45892.92000 0.10000 0.07282 0.15931
44: 10 4 7 1 10 10 3 7 0 10 46068.51000 0.10000 0.03680 0.04299
45: 4 2 3 0 4 4 1 3 1 4 69581.60000 0.10000 0.29849 0.29201
46: 4 2 3 3 3 4 1 3 2 3 79302.63700 0.01000 0.00169 0.00711 
47: 4 2 3 3 3 4 1 3 2 4 79302.63700 0.01000 0.00169 0.00711 
48: 4 2 3 3 5 4 1 3 2 4 79302.63700 0.01000 0.00169 0.00711 
49: 4 2 3 3 5 4 1 3 2 5 79302.63700 0.01000 0.00169 0.00711 
50: 4 2 3 3 4 4 1 3 2 3 79302.92400 0.01000 -0.00199 0.00297
51: 4 2 3 3 4 4 1 3 2 4 79302.92400 0.01000 -0.00199 0.00297
52: 4 2 3 3 4 4 1 3 2 5 79302.92400 0.01000 -0.00199 0.00297
53: 9 4 6 0 9 9 3 6 1 9 90438.63000 0.05000 -0.01779 -0.06041
54: 14 6 9 0 14 14 5 9 1 14 93121.00900 0.05000 0.06153 0.10127
55: 9 4 6 1 9 9 3 6 0 9 98351.13700 0.05000 0.00877 0.02933
56: 14 6 9 1 14 14 5 9 0 14 98577.77200 0.05000 0.02371 0.10905
57: 1 1 0 3 1 1 0 1 3 1 110811.10900 0.02000 0.00931 0.01161
58: 1 1 0 3 1 1 0 1 3 2 110811.71100 0.02000 -0.00313 0.00115
59: 1 1 0 3 2 1 0 1 3 1 110812.27100 0.02000 0.01722 0.02070
60: 1 1 0 3 2 1 0 1 3 2 110812.86400 0.02000 -0.00423 0.00124
61: 1 1 0 3 0 1 0 1 3 1 110813.98300 0.02000 -0.00194 0.00334
62: 1 1 0 2 1 1 0 1 2 1 110894.93400 0.03000 0.01967 0.02274
63: 1 1 0 2 1 1 0 1 2 2 110895.54100 0.03000 0.01223 0.01728
64: 1 1 0 2 2 1 0 1 2 1 110896.10700 0.03000 0.04168 0.04594
65: 1 1 0 2 2 1 0 1 2 2 110896.66000 0.03000 -0.01976 -0.01352
66: 1 1 0 2 0 1 0 1 2 1 110897.78300 0.03000 -0.00881 -0.00277
67: 6 3 4 0 6 6 2 4 1 6 118504.18200 0.05000 -0.02629 -0.04138
68: 3 2 2 0 3 3 1 2 1 3 126597.39000 0.10000 0.07541 0.06920
69: 11 5 7 0 11 11 4 7 1 11 133334.86000 0.10000 0.03384 -0.03739
70: 3 2 2 1 3 3 1 2 0 3 136382.41000 0.10000 -0.03685 -0.04047
71: 11 5 7 1 11 11 4 7 0 11 140196.78000 0.10000 0.01904 0.02466
72: 8 4 5 0 8 8 3 5 1 8 175855.75000 0.10000 -0.05915 -0.08051
73: 2 1 1 1 2 2 0 2 1 2 177819.32500 0.05000 0.06847 0.09068
74: 2 1 1 0 2 2 0 2 0 2 177921.20300 0.05000 0.08279 0.09285
75: 2 2 1 0 2 2 1 1 1 2 183188.33000 0.10000 0.06703 0.06536
76: 18 8 11 0 18 18 7 11 1 18 183472.32900 0.10000 0.03087 -0.05782
77: 8 4 5 1 8 8 3 5 0 8 183987.87000 0.10000 -0.02017 0.00862
78: 13 6 8 0 13 13 5 8 1 13 185718.28000 0.10000 0.09591 0.05728
79: 18 8 11 1 18 18 7 11 0 18 186878.39100 0.20000 0.45628 0.29271
80: 13 6 8 1 13 13 5 8 0 13 191494.99000 0.10000 0.15861 0.18870
81: 2 2 1 1 2 2 1 1 0 2 193007.79000 0.10000 0.10628 0.09153
82: 5 3 3 0 5 5 2 3 1 5 201911.78000 0.10000 -0.02612 -0.03861
83: 2 2 0 1 2 2 1 1 1 2 206971.86000 0.10000 0.22078 0.21155
84: 2 2 0 0 2 2 1 1 0 2 207170.50000 0.10000 0.08131 0.08566
85: 5 3 3 1 5 5 2 3 0 5 211056.75000 0.10000 0.00451 0.02881
86: 3 2 1 1 3 3 1 2 1 3 212246.87000 0.10000 0.13806 0.13393
87: 3 2 1 0 3 3 1 2 0 3 212411.44000 0.10000 0.11809 0.12692
88: 10 5 6 0 10 10 4 6 1 10 242328.17000 0.10000 -0.03192 -0.07808
89: 15 7 9 0 15 15 6 9 1 15 248927.53400 0.05000 -0.06602 -0.00283
90: 10 5 6 1 10 10 4 6 0 10 249449.98900 0.10000 -0.04758 -0.05938
91: 10 5 6 1 10 10 4 6 0 10 249450.03800 0.05000 0.00142 -0.01038
92: 15 7 9 1 15 15 6 9 0 15 253639.64500 0.05000 -0.03620 0.02185
93: 4 2 2 3 4 4 1 3 3 4 268026.50200 0.03000 -0.00374 -0.00081 
94: 4 2 2 3 4 4 1 3 3 5 268026.50200 0.03000 -0.00374 -0.00081 
95: 4 2 2 3 4 4 1 3 3 3 268026.50200 0.03000 -0.00374 -0.00081 
96: 4 2 2 3 3 4 1 3 3 4 268027.31300 0.03000 -0.03761 -0.03432 
97: 4 2 2 3 3 4 1 3 3 3 268027.31300 0.03000 -0.03761 -0.03432 
98: 4 2 2 3 5 4 1 3 3 5 268027.31300 0.03000 -0.03761 -0.03432 
99: 4 2 2 3 5 4 1 3 3 4 268027.31300 0.03000 -0.03761 -0.03432 
100: 4 2 2 0 4 4 1 3 0 4 268174.04000 0.10000 0.11416 0.11722
101: 7 4 4 0 7 7 3 4 1 7 284517.65000 0.10000 -0.12380 -0.12510
102: 4 3 2 0 4 4 2 2 1 4 287464.75000 0.10000 0.13446 0.11956
103: 7 4 4 1 7 7 3 4 0 7 292819.05000 0.10000 0.02636 0.05765
104: 3 1 2 3 2 3 0 3 3 3 296475.31800 0.05000 -0.02408 0.02044
105: 3 1 2 3 3 3 0 3 3 3 296475.31800 0.05000 -0.02408 0.02044
106: 3 1 2 3 4 3 0 3 3 3 296475.31800 0.05000 -0.02408 0.02044
107: 3 1 2 3 2 3 0 3 3 2 296477.20700 0.05000 0.01501 0.06069 
108: 3 1 2 3 3 3 0 3 3 2 296477.20700 0.05000 0.01501 0.06069 
109: 3 1 2 3 3 3 0 3 3 4 296477.20700 0.05000 0.01501 0.06069 
110: 3 1 2 3 4 3 0 3 3 4 296477.20700 0.05000 0.01501 0.06069 
111: 3 1 2 2 2 3 0 3 2 3 296614.24200 0.02000 -0.03328 -0.02233 
112: 3 1 2 2 3 3 0 3 2 3 296614.24200 0.02000 -0.03328 -0.02233 
113: 3 1 2 2 4 3 0 3 2 3 296614.24200 0.02000 -0.03328 -0.02233 
114: 3 1 2 2 2 3 0 3 2 2 296616.13200 0.02000 0.00702 0.01914 
115: 3 1 2 2 3 3 0 3 2 4 296616.13200 0.02000 0.00702 0.01914 
116: 3 1 2 2 3 3 0 3 2 2 296616.13200 0.02000 0.00702 0.01914 
117: 3 1 2 2 4 3 0 3 2 4 296616.13200 0.02000 0.00702 0.01914 
118: 4 3 2 1 4 4 2 2 0 4 296688.33000 0.10000 -0.02056 -0.01366
119: 5 3 2 1 5 5 2 3 1 5 309716.30000 0.10000 0.06235 0.04073
120: 5 3 2 0 5 5 2 3 0 5 309962.21000 0.10000 0.07329 0.08935
121: 12 6 7 0 12 12 5 7 1 12 318728.29500 0.05000 0.05203 -0.00124
122: 12 6 7 0 12 12 5 7 1 12 318728.36000 0.10000 0.11703 0.06376
123: 12 6 7 1 12 12 5 7 0 12 324779.40000 0.10000 0.04055 0.01204
124: 2 2 1 0 2 2 1 2 0 2 332445.93000 0.10000 0.11081 0.11776
125: 1 1 1 3 0 0 0 0 3 1 335445.43100 0.01000 0.00836 0.00410
126: 1 1 1 3 2 0 0 0 3 1 335446.24000 0.01000 0.01254 0.00709
127: 1 1 1 3 1 0 0 0 3 1 335446.76000 0.01000 -0.00401 -0.01025
128: 1 1 1 2 0 0 0 0 2 1 335512.89200 0.01000 -0.00181 0.00037
129: 1 1 1 2 2 0 0 0 2 1 335513.71500 0.01000 0.01171 0.01270
130: 1 1 1 2 1 0 0 0 2 1 335514.24800 0.01000 0.00505 0.00525
131: 2 2 0 2 2 2 1 2 3 2 346351.16200 0.05000 -0.00335 0.02773
132: 2 2 0 2 1 2 1 2 3 2 346353.23200 0.05000 -0.11218 -0.07794
133: 2 2 0 2 2 2 1 2 3 1 346353.23200 0.05000 -0.11218 -0.07794
134: 2 2 0 2 3 2 1 2 3 3 346353.23200 0.05000 -0.11218 -0.07794
135: 2 2 0 2 1 2 1 2 3 1 346354.64200 0.05000 -0.06554 -0.02933
136: 6 3 3 1 6 6 2 4 1 6 351982.59700 0.05000 0.02031 -0.01277
137: 2 2 0 3 2 2 1 2 2 2 356227.42200 0.02000 0.00230 -0.00087
138: 2 2 0 3 2 2 1 2 2 3 356228.56500 0.02000 0.00375 0.00223 
139: 2 2 0 3 3 2 1 2 2 2 356228.56500 0.02000 0.00375 0.00223 
140: 2 2 0 3 1 2 1 2 2 2 356229.61100 0.02000 0.00676 0.00675 
141: 2 2 0 3 2 2 1 2 2 1 356229.61100 0.02000 0.00676 0.00675 
142: 2 2 0 3 3 2 1 2 2 3 356229.61100 0.02000 0.00676 0.00675 
143: 2 2 0 3 1 2 1 2 2 1 356230.98000 0.02000 0.00880 0.01076
144: 9 5 5 0 9 9 4 5 1 9 375035.49000 0.10000 -0.01889 -0.02526
145: 1 1 0 0 1 0 0 0 1 0 378500.42000 0.10000 0.01250 0.03092
146: 9 5 5 1 9 9 4 5 0 9 382349.03000 0.10000 0.06147 0.05599
147: 5 2 3 1 5 5 1 4 1 5 383352.88000 0.10000 0.05996 0.06523
148: 5 2 3 0 5 5 1 4 0 5 383503.49000 0.10000 0.06467 0.04526
149: 1 1 0 1 1 0 0 0 0 0 388651.92000 0.10000 0.02090 0.01318
150: 6 4 3 0 6 6 3 3 1 6 395212.30000 0.10000 -0.08586 -0.08503
151: 7 4 3 1 7 7 3 4 1 7 406603.01000 0.10000 -0.06436 -0.09111
152: 7 4 3 0 7 7 3 4 0 7 406930.11000 0.10000 0.14381 0.17164
153: 2 0 2 2 1 1 1 0 3 0 410487.79000 0.04000 -0.03951 -0.04122
154: 2 0 2 2 3 1 1 0 3 2 410490.13600 0.02000 -0.00586 -0.00466
155: 2 0 2 2 2 1 1 0 3 1 410492.33800 0.02000 -0.00412 0.00030
156: 14 7 8 1 14 14 6 8 0 14 410887.22000 0.05000 0.00452 0.01773
157: 3 2 2 2 2 3 1 3 2 3 414788.76800 0.05000 -0.02025 -0.00187 
158: 3 2 2 2 3 3 1 3 2 3 414788.76800 0.05000 -0.02025 -0.00187 
159: 3 2 2 2 4 3 1 3 2 3 414788.76800 0.05000 -0.02025 -0.00187 
160: 3 2 2 2 2 3 1 3 2 2 414790.56700 0.05000 0.02918 0.04965 
161: 3 2 2 2 3 3 1 3 2 2 414790.56700 0.05000 0.02918 0.04965 
162: 3 2 2 2 3 3 1 3 2 4 414790.56700 0.05000 0.02918 0.04965 
163: 3 2 2 2 4 3 1 3 2 4 414790.56700 0.05000 0.02918 0.04965 
164: 2 0 2 1 2 1 1 0 0 1 420634.35000 0.10000 -0.01765 -0.03568
165: 6 4 2 1 6 6 3 3 1 6 440102.12600 0.05000 -0.01893 -0.02793
166: 3 3 0 0 3 3 2 2 1 3 442398.11500 0.05000 0.03817 0.04245
167: 3 3 1 0 3 3 2 2 0 3 443297.35500 0.05000 0.00501 -0.01029
168: 3 3 1 1 3 3 2 2 1 3 444316.91500 0.05000 -0.03598 -0.03279
169: 7 3 4 1 7 7 2 5 1 7 461050.79100 0.05000 -0.03036 -0.07661
170: 2 0 2 0 2 1 1 1 0 1 463628.59000 0.10000 -0.08255 -0.08929
171: 2 0 2 1 2 1 1 1 1 1 463688.49000 0.10000 0.03174 0.03771
172: 11 6 6 0 11 11 5 6 1 11 473978.33000 0.10000 0.04271 0.01232
173: 11 6 6 1 11 11 5 6 0 11 480221.39000 0.10000 0.19457 0.15131
174: 7 2 5 1 7 6 5 1 0 6 486572.69200 0.05000 0.00059 0.05623
175: 5 4 2 0 5 5 3 2 1 5 487342.42000 0.05000 0.00071 -0.00998
176: 5 4 2 1 5 5 3 2 0 5 495682.95500 0.05000 -0.01298 -0.00280
177: 3 2 1 3 2 3 1 3 2 3 500437.76100 0.05000 -0.00565 0.01489 
178: 3 2 1 3 3 3 1 3 2 3 500437.76100 0.05000 -0.00565 0.01489 
179: 3 2 1 3 4 3 1 3 2 3 500437.76100 0.05000 -0.00565 0.01489 
180: 3 2 1 3 2 3 1 3 2 2 500440.13000 0.05000 -0.04462 -0.02212
181: 3 2 1 3 3 3 1 3 2 4 500440.13000 0.05000 -0.04462 -0.02212
182: 3 2 1 3 3 3 1 3 2 2 500440.13000 0.05000 -0.04462 -0.02212
183: 3 2 1 3 4 3 1 3 2 4 500440.13000 0.05000 -0.04462 -0.02212
184: 5 4 1 1 5 5 3 2 1 5 500947.30200 0.05000 0.02311 0.01932
185: 5 4 1 0 5 5 3 2 0 5 501521.57400 0.05000 -0.01828 -0.02169
186: 16 8 9 0 16 16 7 9 1 16 504693.12600 0.05000 0.06791 -0.01107
187: 9 5 4 1 9 9 4 5 1 9 504911.26500 0.05000 -0.02965 -0.03002
188: 9 5 4 0 9 9 4 5 0 9 505315.37700 0.05000 -0.03828 -0.01122
189: 8 5 4 0 8 8 4 4 1 8 507611.45100 0.05000 -0.07142 -0.05393
190: 16 8 9 1 16 16 7 9 0 16 508639.19800 0.05000 0.00464 -0.06578
191: 10 5 5 1 10 10 4 6 1 10 512599.09700 0.05000 0.06131 0.04471
192: 10 5 5 0 10 10 4 6 0 10 512873.71000 0.05000 -0.03235 0.03132
193: 4 3 1 0 4 4 2 3 1 4 513087.95300 0.05000 -0.03931 -0.03060
194: 8 5 4 1 8 8 4 4 0 8 515037.10200 0.05000 -0.04853 -0.04318
195: 4 3 1 1 4 4 2 3 0 4 522355.41500 0.05000 -0.04590 -0.05262
196: 4 2 3 3 3 4 1 4 3 4 522421.55200 0.05000 -0.01541 0.02633
197: 4 2 3 3 4 4 1 4 3 4 522421.55200 0.05000 -0.01541 0.02633
198: 4 2 3 3 5 4 1 4 3 4 522421.55200 0.05000 -0.01541 0.02633
199: 4 2 3 3 3 4 1 4 3 3 522423.14200 0.05000 -0.02199 0.02124
200: 4 2 3 3 4 4 1 4 3 3 522423.14200 0.05000 -0.02199 0.02124
201: 4 2 3 3 4 4 1 4 3 5 522423.14200 0.05000 -0.02199 0.02124
202: 4 2 3 3 5 4 1 4 3 5 522423.14200 0.05000 -0.02199 0.02124
203: 4 2 3 2 4 4 1 4 2 4 522736.34800 0.05000 -0.05187 -0.02273
204: 4 2 3 2 3 4 1 4 2 3 522737.94600 0.05000 0.01557 0.04606
205: 4 2 3 2 5 4 1 4 2 5 522737.94600 0.05000 0.01557 0.04606
206: 9 4 5 1 9 9 3 6 1 9 532057.14400 0.05000 0.06673 0.01258
207: 9 4 5 0 9 9 3 6 0 9 532209.16200 0.05000 0.05203 0.07800
208: 6 2 4 1 6 6 1 5 1 6 543980.52700 0.05000 0.00127 0.00200
209: 6 2 4 0 6 6 1 5 0 6 544179.90800 0.05000 -0.01321 -0.06338
210: 4 4 1 0 4 4 3 1 1 4 546252.07800 0.05000 0.01627 -0.00688
211: 4 1 4 2 3 3 2 2 3 2 547352.76500 0.05000 -0.01117 -0.00656 
212: 4 1 4 2 3 3 2 2 3 3 547352.76500 0.05000 -0.01117 -0.00656 
213: 4 1 4 2 5 3 2 2 3 4 547352.76500 0.05000 -0.01117 -0.00656 
214: 4 1 4 2 4 3 2 2 3 3 547354.70900 0.05000 -0.02195 -0.01503 
215: 4 1 4 2 4 3 2 2 3 4 547354.70900 0.05000 -0.02195 -0.01503 
216: 4 4 1 1 4 4 3 1 0 4 555367.93200 0.05000 0.00475 -0.00885
217: 3 0 3 2 2 2 1 1 3 1 572942.97100 0.05000 0.02740 0.01345 
218: 3 0 3 2 2 2 1 1 3 2 572942.97100 0.05000 0.02740 0.01345 
219: 3 0 3 2 4 2 1 1 3 3 572942.97100 0.05000 0.02740 0.01345 
220: 3 0 3 2 3 2 1 1 3 2 572945.24000 0.05000 0.07558 0.06310 
221: 3 0 3 2 3 2 1 1 3 3 572945.24000 0.05000 0.07558 0.06310 
222: 4 4 0 0 4 4 3 2 1 4 579220.70600 0.10000 0.05369 0.04099
223: 13 7 7 0 13 13 6 7 1 13 581758.23300 0.05000 -0.04687 -0.06032
224: 3 0 3 3 2 2 1 1 2 1 583063.10700 0.05000 -0.06808 -0.09245 
225: 3 0 3 3 2 2 1 1 2 2 583063.10700 0.05000 -0.06808 -0.09245 
226: 3 0 3 3 4 2 1 1 2 3 583063.10700 0.05000 -0.06808 -0.09245 
227: 3 0 3 3 3 2 1 1 2 3 583065.37500 0.05000 -0.01956 -0.04245 
228: 3 0 3 3 3 2 1 1 2 2 583065.37500 0.05000 -0.01956 -0.04245 
229: 13 7 7 1 13 13 6 7 0 13 586906.55300 0.05000 0.02639 0.01124
230: 4 4 0 1 4 4 3 2 0 4 588325.25400 0.05000 0.04710 0.03614
231: 12 6 6 1 12 12 5 7 1 12 593242.32600 0.05000 0.10864 0.15060
232: 12 6 6 0 12 12 5 7 0 12 593562.75000 0.05000 -0.04988 0.01679
233: 5 4 2 1 5 5 3 3 1 5 594588.37600 0.05000 0.01679 0.01875
234: 7 5 3 0 7 7 4 3 1 7 617060.18800 0.05000 -0.04739 -0.02949
235: 7 5 3 1 7 7 4 3 0 7 624470.17500 0.05000 -0.04610 -0.04072
236: 4 2 3 0 4 3 3 0 0 3 627692.81100 0.05000 0.03858 0.06972
237: 4 2 3 1 4 3 3 1 0 3 636409.63500 0.05000 -0.03486 -0.01763
238: 6 3 4 0 6 6 2 5 0 6 654683.36400 0.05000 0.01225 -0.00884
239: 5 3 2 1 5 5 2 4 0 5 664390.49800 0.05000 -0.03172 -0.04570
240: 6 4 2 0 6 6 3 4 1 6 665161.92800 0.05000 0.01692 0.00685
241: 3 1 2 1 3 2 2 0 0 2 672369.98400 0.05000 -0.08730 -0.07022
242: 6 4 2 1 6 6 3 4 0 6 673580.49400 0.05000 -0.01933 -0.04632
243: 8 2 6 1 8 7 5 2 0 7 683365.87400 0.03000 -0.06101 -0.01108
244: 6 5 1 0 6 6 4 2 0 6 694067.16100 0.05000 -0.05069 -0.05147
245: 6 5 2 1 6 6 4 2 0 6 696885.06100 0.05000 0.00685 -0.00546
246: 15 8 8 0 15 15 7 8 1 15 698630.39500 0.02000 -0.02005 -0.00776
247: 2 1 1 0 2 1 0 1 1 1 699224.18000 0.05000 -0.08037 -0.06352
248: 15 8 8 1 15 15 7 8 0 15 702712.02200 0.02000 -0.00648 -0.02091
249: 2 1 1 1 2 1 0 1 0 1 709349.89400 0.05000 -0.11570 -0.10581
250: 15 7 8 1 15 15 6 9 1 15 723705.98600 0.02000 0.00230 -0.00621
251: 5 5 1 0 5 5 4 1 1 5 723770.38900 0.02000 -0.01976 -0.03674
252: 15 7 8 0 15 15 6 9 0 15 723893.60100 0.02000 -0.00451 -0.04358
253: 5 5 0 0 5 5 4 1 0 5 727837.18300 0.02000 0.01680 0.00755
254: 5 5 0 1 5 5 4 1 1 5 728315.87300 0.02000 -0.01568 -0.01702
255: 6 5 1 0 6 6 4 3 1 6 730963.74500 0.02000 0.01644 0.01543
256: 5 5 1 1 5 5 4 1 0 5 732022.78700 0.02000 -0.03203 -0.02244
257: 6 5 2 0 6 6 4 3 0 6 733183.04200 0.02000 -0.06350 -0.06863
258: 5 5 0 0 5 5 4 2 1 5 733675.81200 0.02000 0.02150 -0.00133
259: 6 5 2 1 6 6 4 3 1 6 733781.57500 0.02000 0.00398 -0.00856
260: 5 5 1 0 5 5 4 2 0 5 737375.28100 0.02000 0.01265 0.00256
261: 5 5 1 1 5 5 4 2 1 5 737861.42900 0.02000 -0.01434 -0.01832
262: 7 5 3 1 7 7 4 4 1 7 738581.14700 0.02000 -0.01665 -0.01473
263: 7 5 3 0 7 7 4 4 0 7 739145.52200 0.02000 -0.01395 -0.02150
264: 6 5 1 1 6 6 4 3 0 6 739529.79800 0.02000 0.04488 0.03153
265: 5 0 5 0 5 4 1 3 1 4 739540.80000 0.04000 -0.02411 -0.04216
266: 5 5 0 1 5 5 4 2 0 5 741920.74500 0.02000 -0.00327 0.00228
267: 9 3 6 0 9 8 6 2 1 8 746536.09100 0.02000 -0.00705 -0.03998
268: 9 6 4 0 9 9 5 4 1 9 747808.21100 0.02000 0.02824 0.04791
269: 7 5 2 0 7 7 4 4 1 7 748035.83200 0.02000 -0.00819 -0.01175
270: 12 7 6 0 12 12 6 6 1 12 748141.32900 0.02000 0.01196 -0.00928
271: 12 7 6 1 12 12 6 6 0 12 753365.35400 0.02000 -0.00378 -0.01173
272: 9 6 4 1 9 9 5 4 0 9 754142.24600 0.02000 -0.00346 -0.01816
273: 12 5 7 1 12 12 4 8 1 12 754871.20900 0.02000 0.00938 0.03254
274: 9 3 6 1 9 8 6 2 0 8 755371.68500 0.02000 0.01207 0.00711
275: 7 5 2 1 7 7 4 4 0 7 755400.48100 0.02000 -0.00500 -0.01548
276: 8 5 4 1 8 8 4 5 1 8 764073.31000 0.02000 -0.04422 -0.04412
277: 8 5 4 0 8 8 4 5 0 8 764549.38600 0.02000 -0.01598 -0.02539
278: 6 1 6 0 6 5 2 4 1 5 764615.92500 0.10000 0.05314 0.06357
279: 9 6 3 1 9 9 5 4 1 9 765572.97500 0.02000 -0.07689 -0.03703
280: 9 6 3 0 9 9 5 4 0 9 766222.25000 0.02000 -0.03424 -0.05613
281: 3 1 3 1 3 2 0 2 1 2 769244.73000 0.02000 0.01684 0.00357
282: 3 1 3 0 3 2 0 2 0 2 769268.97900 0.05000 0.00884 0.01434
283: 9 2 7 0 9 8 5 3 1 8 773844.97500 0.20000 -0.07592 -0.02375
284: 6 1 6 1 6 5 2 4 0 5 774626.64800 0.10000 0.01403 -0.01160
285: 7 3 5 0 7 7 2 6 0 7 774633.32100 0.10000 0.01402 -0.03879
286: 6 2 5 0 6 6 1 6 0 6 787458.38300 0.05000 -0.00487 0.04009
287: 2 2 0 0 2 1 1 0 1 1 795582.06700 0.05000 -0.03859 -0.02234
288: 2 2 0 1 2 1 1 0 0 1 805425.19200 0.05000 -0.07140 -0.07645
289: 8 5 3 0 8 8 4 5 1 8 807083.15000 0.05000 -0.00412 0.00363
290: 7 4 3 1 7 7 3 5 0 7 811790.30900 0.05000 -0.00134 -0.05533
291: 4 2 2 0 4 3 3 0 1 3 815531.66800 0.05000 -0.05873 -0.04892
292: 16 7 9 1 16 16 6 10 1 16 856171.21700 0.40000 -0.67736 -0.55327
293: 16 7 9 0 16 16 6 10 0 16 856220.96000 0.04000 0.00546 0.02579
294: 18 9 9 1 18 18 8 10 1 18 858226.12900 0.10000 0.00536 0.04610
295: 18 9 9 0 18 18 8 10 0 18 858660.41600 0.10000 0.04028 0.18804
296: 7 1 7 1 7 6 2 5 0 6 860804.81400 0.04000 -0.01995 -0.04227
297: 7 0 7 0 7 6 1 5 1 6 863214.08200 0.04000 -0.04823 -0.05593
298: 3 3 1 0 3 3 0 3 1 3 866371.26300 0.04000 0.02307 0.04685
299: 7 6 2 0 7 7 5 2 1 7 870382.69600 0.02000 -0.02711 -0.00394
300: 7 0 7 1 7 6 1 5 0 6 873321.45800 0.02000 0.01023 0.00070
301: 7 6 1 0 7 7 5 2 0 7 874159.21000 0.02000 0.02689 0.02544
302: 7 6 1 1 7 7 5 2 1 7 874804.74300 0.05000 0.05118 0.04640
303: 3 3 0 1 3 3 0 3 1 3 876120.38800 0.05000 0.01129 0.04031
304: 8 6 2 0 8 8 5 4 1 8 876351.62700 0.02000 0.03676 0.02177
305: 14 8 7 0 14 14 7 7 1 14 876399.66900 0.03000 0.02521 0.04775
306: 9 6 4 1 9 9 5 5 1 9 877108.69400 0.03000 -0.00221 0.01563
307: 3 3 1 1 3 3 0 3 0 3 877314.91800 0.05000 0.01178 0.02307
308: 9 6 4 0 9 9 5 5 0 9 877684.03400 0.03000 0.06548 0.09115
309: 8 6 3 0 8 8 5 4 0 8 877781.00500 0.05000 -0.01113 0.01984
310: 7 6 2 1 7 7 5 2 0 7 877841.48800 0.03000 0.02143 0.03167
311: 6 3 3 0 6 6 2 5 1 6 878958.14700 0.05000 -0.01616 -0.05897
312: 8 6 3 1 8 8 5 4 1 8 879116.87900 0.03000 0.03948 0.04591
313: 12 5 7 0 12 11 8 3 1 11 879460.79800 0.05000 -0.04997 0.03681
314: 11 7 5 0 11 11 6 5 1 11 879979.70700 0.05000 0.18711 0.16820
315: 14 8 7 1 14 14 7 7 0 14 880520.80500 0.02000 -0.00669 0.01854
316: 7 6 1 0 7 7 5 3 1 7 883613.88600 0.02000 0.02635 0.01942
317: 11 4 7 1 11 11 3 8 1 11 884216.35500 0.03000 -0.03179 0.00644
318: 11 4 7 0 11 11 3 8 0 11 884404.90800 0.03000 0.01787 0.04217
319: 8 6 2 1 8 8 5 4 0 8 884568.08000 0.03000 0.07706 0.06601
320: 8 2 6 1 8 8 1 7 1 8 884613.29100 0.02000 0.00738 -0.00820
321: 8 2 6 0 8 8 1 7 0 8 885011.43100 0.07000 -0.02248 -0.12370
322: 11 7 5 1 11 11 6 5 0 11 885181.00900 0.02000 0.01464 0.00996
323: 12 5 7 1 12 11 8 3 0 11 886133.71100 0.03000 0.00740 -0.02296
324: 7 6 2 0 7 7 5 3 0 7 886637.66100 0.04000 -0.01215 0.00808
325: 7 6 2 1 7 7 5 3 1 7 887296.13900 0.02000 -0.00411 0.00065
326: 6 3 3 1 6 6 2 5 0 6 888161.71400 0.03000 -0.00615 -0.04522
327: 9 6 3 0 9 9 5 5 1 9 889188.71900 0.02000 -0.01199 -0.00135
328: 10 2 8 0 10 9 5 5 0 9 890071.60100 0.04000 0.04671 0.11034
329: 6 6 1 0 6 6 5 1 1 6 890753.39800 0.02000 -0.01401 0.02093
330: 10 2 8 1 10 9 5 5 1 9 890914.03300 0.10000 -0.00302 -0.08365
331: 3 1 2 0 3 2 0 2 1 2 1047378.47900 0.05000 0.03048 0.05096
332: 3 1 2 1 3 2 0 2 0 2 1057461.67900 0.05000 0.06880 0.10028
333: 3 2 1 0 3 2 1 1 1 2 1081970.53500 0.10000 0.02109 0.02820
334: 12 8 4 0 12 12 7 5 0 12 1106168.09900 0.10000 0.02498 -0.05079
335: 12 8 5 1 12 12 7 5 0 12 1109998.33900 0.10000 0.05684 0.12148
336: 7 2 6 0 7 6 3 4 1 6 1127032.10900 0.10000 0.01644 0.09501
337: 7 2 6 1 7 6 3 4 0 6 1136215.51900 0.10000 0.04532 0.08096
338: 3 2 2 0 3 2 1 2 1 2 1145320.39200 0.20000 0.06967 0.11419
339: 12 8 5 1 12 12 7 6 1 12 1157447.78100 0.10000 -0.07384 -0.06704
340: 13 8 5 0 13 13 7 7 1 13 1157465.15500 0.10000 -0.28950 -0.30990
341: 5 2 3 1 5 4 3 1 0 4 1157582.58700 0.20000 -0.03622 0.00662
342: 11 8 4 1 11 11 7 4 0 11 1158907.72800 0.20000 0.24146 0.24996
343: 10 5 5 1 10 10 4 7 0 10 1167978.52300 0.30000 0.20244 0.19401
344: 11 8 3 0 11 11 7 5 1 11 1169771.89900 0.10000 -0.11123 -0.30554
345: 7 3 4 0 7 7 2 6 1 7 1170701.47900 0.20000 0.11333 0.03372
346: 11 8 3 1 11 11 7 5 0 11 1175425.82100 0.10000 -0.10594 -0.16693
347: 10 8 2 0 10 10 7 4 1 10 1183885.87500 0.10000 -0.07798 -0.27999
348: 5 2 3 1 5 4 3 2 1 4 1185110.99300 0.10000 -0.07833 -0.03149
349: 10 8 3 1 10 10 7 4 1 10 1187141.25000 0.10000 -0.02203 -0.07073
350: 10 8 2 0 10 10 7 3 0 10 1187149.49900 0.10000 -0.03451 -0.15050
351: 13 7 6 1 13 13 6 8 0 13 1187405.89300 0.10000 0.02562 0.20895
352: 10 8 3 1 10 10 7 3 0 10 1190404.85200 0.10000 -0.00056 0.03676
353: 10 2 8 0 10 10 1 9 0 10 1191348.57900 0.10000 0.12298 0.09476
354: 5 0 5 0 5 4 1 4 0 4 1192696.88400 0.10000 -0.06018 -0.04172
355: 14 8 6 0 14 14 7 8 1 14 1193114.88600 0.50000 -0.51101 -0.58485
356: 7 3 5 0 7 6 4 2 0 6 1236503.54800 0.20000 0.05953 0.09536
357: 4 3 2 0 4 3 2 2 1 3 1556001.30800 0.10000 0.07573 0.10589
358: 4 3 2 1 4 3 2 2 0 3 1565266.52300 0.10000 -0.04105 -0.03442
359: 6 2 5 1 6 5 1 4 1 5 1590323.44500 0.10000 0.02305 0.04089
360: 4 3 1 0 4 3 2 2 0 3 1592795.00800 0.10000 -0.00417 0.00648
361: 7 2 5 1 7 6 3 3 0 6 1621154.87400 0.10000 0.03810 0.11558
362: 7 3 4 0 7 6 4 2 1 6 1633336.45800 0.30000 0.13197 0.11500
363: 7 3 4 1 7 6 4 2 0 6 1641690.73700 0.10000 0.01255 0.02115
364: 7 0 7 0 7 6 1 6 0 6 1642871.12900 0.10000 -0.00683 0.02370
365: 7 0 7 1 7 6 1 6 1 6 1642947.14500 0.10000 0.08731 0.13078
366: 7 1 7 0 7 6 0 6 0 6 1643328.61300 0.10000 0.01709 0.04855
367: 7 1 7 1 7 6 0 6 1 6 1643403.04900 0.10000 0.10530 0.14705
368: 5 3 3 0 5 4 2 2 0 4 1683711.26400 0.20000 0.03599 0.07724
369: 4 4 0 0 4 3 3 0 1 3 1691440.68800 0.10000 -0.04160 -0.03759
370: 4 4 1 0 4 3 3 1 1 3 1694381.37000 0.10000 -0.05090 -0.04855
371: 4 4 0 1 4 3 3 1 1 3 1700009.48600 0.10000 -0.00219 0.01382
372: 4 4 0 1 4 3 3 0 0 3 1701928.41700 0.20000 0.05466 0.06958
373: 8 4 4 0 8 7 5 2 1 7 1732662.47100 0.10000 0.08378 0.07510
374: 6 5 1 0 6 5 4 1 1 5 2409847.64500 0.20000 0.25196 0.26900
375: 6 5 2 0 6 5 4 2 1 5 2417810.37600 0.20000 0.43115 0.44081
376: 7 3 4 0 7 6 2 4 1 6 2425421.62300 0.20000 0.57535 0.51630
377: 7 2 6 1 7 6 1 6 0 6 2578357.08700 0.20000 -0.12630 -0.06679