4	3	1	4	2	3	0	1	17.11486
4	4	0	4	3	2	0	1	19.32091
5	4	1	5	3	3	0	1	20.02768
5	4	1	5	3	3	1	0	20.30606
7	5	3	7	4	3	0	1	20.58323
5	3	2	5	2	4	1	0	22.16228
6	4	2	6	3	4	0	1	22.18658
3	1	2	2	2	0	1	0	22.42826
4	0	4	3	1	2	0	1	22.49582
6	5	2	6	4	2	0	1	22.95957
6	5	2	6	4	2	1	0	23.24559
2	1	1	1	0	1	0	1	23.32382
2	1	1	1	0	1	1	0	23.66167
5	5	1	5   4	1	0	1	24.14175
6	8	1	6	4	3	0	1	24.38235
5	5	1	5	4	1	1	0	24.41698
5	5	0	5	4	2	0	1	24.47348
6	5	1	6	4	3	1	0	24.66765
5	5	0	5	4	2	1	0	24.74776
9	6	4	9	5	4	0	1	24.94367
9	8	4	9	5	4	1	0	25.15555
7	5	2	7	4	4	1	0	25.19745
2	2	0	1	1	0	0	1	26.53779
7	4	3	7	3	5	0	1	26.79844
2	2	0	1	1	0	1	0	26.86588
8	5	3	8	4	5	0	1	26.92076
7	4	3	7	3	5	1	0	27.07910
2	2	1	1	1	1	6	1	27.50862
0	6	3	8	5	3	0	1	27.61423
8	6	2	8	5	3	0	0	27.79773
2	2	1	1	1	1	1	0	27.83740
8	6	3	8	5	3	1	0	27.88964
7	6	2	7	5	2	0	1	29.03310
8	6	2	8	5	4	0	1	29.23212
7	6	2	7	5	2	1	0	29.28177
7	6	1	7	5	3	0	1	29.47399
8	6	2	8	5	4	1	0	29.50621
6	6	1	6	5	1	0	1	29.71223
7	6	1	7	5	3	1	0	29.72223
6	6	0	6	5	2	0	1	29.77265
9	6	3	9	5	5	1	0	29.86869
6	6	1	6	5	1	1	0	30.00115
6	5	0	6	5	2	1	0	30.06104
4	1	3	3	2	1	0	1	30.51262
4	1	3	3	2	1	1	0	30.83871
10	6	4	10	5	6	0	1	31.39919
9	5	4	9	4	6	1	0	31.57241
10	7	4	10	6	4	0	1	32.21390
6	2	5	5	3	3	0	1	33.21846
6	2	5	5	3	3	1	0	33.52443
9	7	3	9	6	3	0	1	33.79980
9	7	3	9	6	3	1	0	34.01960
10	7	4	10	6	5	1	1	34.02702
10	7	3	10	6	5	1	0	34.18305
8	4	4	8	3	6	0	1	34.28247
9	7	2	9	6	4	0	1	34.31470
11	7	4	11	8	6	1	0	34.37054
9	7	2	9	6	4	1	0	34.53293
8	7	1	8	6	3	0	1	34.70549
8	7	2	8	6	2	1	0	34.92073
3	1	2	2	0	2	0	1	34.93695
8	7	1	8	6	3	1	0	34.98942
7	7	1	7	6	1	0	1	35.09856
7	7	0	7	6	2	0	1	35.11127
3	1	2	2	0	2	1	0	35.27305
7	7	1	7	6	1	1	0	35.35905
7	7	0	7	6	2	1	0	35.37174
3	2	1	2	1	1	0	1	36.09067
5	1	4	4	2	2	0	1	36.31820
3	2	1	2	1	1	1	0	36.41811
5	1	4	4	2	2	1	0	36.64016
7	2	6	6	3	4	0	1	37.59317
7	2	6	6	3	4	1	0	37.89982
3	2	2	2	1	2	0	1	38.20374
5	2	3	4	3	1	0	1	38.30688
11	8	4	11	7	4	0	1	38.46712
3	2	2	2	1	2	1	0	38.53339
5	2	3	4	3	1	1	0	38.61237
10	5	5	10	4	7	0	1	38.71728
7	3	4	7	2	6	1	0	39.35405
10	8	3	10	7	3	0	1	39.42653
8	1	5	5	2	3	0	1	39.67998
10	8	3	10	7	3	1	0	39.70734
6	1	5	5	2	3	1	0	39.99935
9	8	1	9	7	3	0	1	40.01602
9	8	2	9	7	2	1	0   40.23813
9	8	1	9	7	3	1	0   40.25407
8	8	0	8	7	2	0	1   40.36977
8	8	1	8	7	1	0	1   40.36977
8	8	1	8	7	1	1	0   40.60623
6	8	0	8	7	2	1	0   40.60623
3	3	0	2	2	0	0	1   41.40739
8	2	7	7	3	5	1	0   41.42029
3	3	1	2	2	0	1	1   41.47152
7	1	6	6	2	4	0	1   41.55304
3	3	0	2	2	0	1	0   41.76247
7	1	6	6	2	4	1	0   41.86516
3	3	1	2	2	1	0	1   41.90992
3	3	0	2	2	1	0	0   42.20093
3	3	1	2	2	1	1	0   42.26460
7	3	5	6	4	3	0	1   42.47543
6	3	3	5	4	1	0	1   42.53786
7	3	5	6	4	3	1	0   42.75350
6	3	3	5	4	1	1	0   42.81558
8	1	7	7	2	5	1	0   43.39037
9	4	5	9	3	7	1	0   44.50452
7	4	3	6	5	1	0	1   44.88606
11	9	3	11	8	3	1	0   44.97599
11	9	2	11	8	4	1	0   44.99489
7	4	3	6	5	1	1	0   45.17213
10	9	1	10	8	3	0	1   45.21809
10	9	1	10	8	3	1	0   45.43076
9	9	1	9	8	1	0	1   45.53039
9	9	0	9	8	2	0	1   45.53039
9	9	1	9	8	1	1	0   45.74664
9	9	0	9	8	2	1	0   45.74664
4	2	2	3	1	2	0	1   46.53806
4	2	2	3	1	2	1	0   46.86344
4	1	3	3	0	3	0	1   47.48208
6	2	4	5	3	2	0	1   47.50068
6	2	4	5	3	2	1	0   47.80398
4	1	3	3	0	3	1	0   47.81656
8	3	6	7	4	4	0	1   48.43422
8	3	6	7	4	4	1	0   48.71003
4	2	3	3	1	3	0	1   49.52118
8	4	5	7	5	3	0	1   49.78729
4	2	3	3	1	3	1	0   49.85098
8	4	5	7	5	3	1	0   50.03034
4	3	1	3	2	1	0	1   50.27308
4	3	1	3	2	1	1	0   50.56200
4	3	2	3	2	2	0	1   51.90260
4	3	2	3	2	2	1	0   52.21157
9	3	7	8	4	5	0	1   53.15722
9	3	7	8	4	5	1	0   53.43063
7	2	5	6	3	3	0	1   53.77851
7	2	5	6	3	3	1	0   54.07607
7	3	4	6	4	2	0	1   54.48223
7	3	4	6	4	2	1	0   54.76097
9	5	5	8	6	3	1	0   55.63469
4	4	0	3	3	0	0	1   56.42044
4	4	1	3	3	1	0	1   56.51824
4	4	1	3	3	0	0	0   56.58252
4	4	0	3	3	1	1	1   56.70618
4	4	0	3	3	0	1	0   56.77033
4	4	1	3	3	1	1	0   56.86798
10	3	8	9	4	6	1	0   57.17755
8	2	6	7	3	4	0	1   57.22250
9	4	6	8	5	4	0	1   57.44499
6	2	6	7	3	4	1	0   57.51389
9	4	6	8	5	4	1	0   57.68867
8	4	4	7	5	2	0	1   57.79486
5	2	3	4	1	3	0	1   58.05202
5	2	3	4	1	3	1	0   58.37285
9	2	7	8	3	5	0	1   58.84752
9	2	7	8	3	5	1	0   59.13136
5	3	2	4	2	2	0	1   59.45070
9	5	4	8	6	2	0	1   59.50935
5	3	2	4	2	2	1	0   59.75860
10	2	8	9	3	6	0	1   59.94689
5	1	4	4	0	4	0	1   60.35082
5	1	4	4	0	4	1	0   60.66386
5	2	4	4	1	4	0	1   61.32305
5	2	4	4	1	4	1	0   61.65360
5	3	3	4	2	3	0	1   62.46287
5	3	3	4	2	3	1	0   62.77096
10	4	7	9	5	5	0	1   63.79377
10	4	7	9	5	5	1	0   64.03380
10	5	6	9	6	4	1	0   64.68788
5	4	2	4	3	1	1	1   65.18038
5	4	1	4	3	1	0	1   65.37500
5	4	1	4	3	1	1	0	65.65378
5	4	2	4	3	2	0	1	66.11811
5	4	2	4	3	2	1	0	66.39568
5	4	1	4	3	2	0	0	66.59065
4	3	1	3	0	3	0	1	67.24207
4	3	1	3	0	3	1	0	67.56202
6	3	3	5	2	3	0	1	69.57936
6	3	3	5	2	3	1	0	69.88395
11	6	6	10	7	4	1	0	70.05436
9	4	5	8	5	3	0	1	70.49513
6	2	4	5	1	4	0	1	70.61931
9	4	5	8	5	3	1	0	70.74025
6	2	4	5	1	4	1	0	70.93504
5	5	0	4	4	0	0	1	71.24452
5	5	1	4	4	1	0	1	71.27105
9	3	6	8	4	4	0	1	71.33992
5	5	1	4	4	0	0	0	71.39378
5	5	0	4	4	1	1	1	71.42324
5	5	0	4	4	0	1	0	71.54540
5	5	1	4	4	1	1	0	71.57176
9	3	6	8	4	4	1	0	71.60780
11	5	7	10	6	8	0	1	72.49793
6	4	3	5	3	2	1	1	72.71171
10	5	5	9	6	3	0	1	72.88237
6	1	5	5	0	8	0	1	73.04619
6	1	5	5	0	8	1	0	73.38111
6	2	5	5	1	8	0	1	73.42549
6	3	4	5	2	4	0	1	73.60943
6	2	5	5	1	5	1	0	73.75735
6	3	4	5	2	4	1	0	73.91634
6	4	2	5	3	2	0	1	73.94210
6	4	2	5	3	2	1	0	74.22459
10	3	7	9	4	5	0	1	75.00734
10	3	7	9	4	5	1	0	75.26816
6	4	3	5	3	3	0	1	76.02642
6	4	3	5	3	3	1	0	76.30728
11	3	8	10	4	6	0	1	76.47923
11	3	8	10	4	6	1	0	76.72974
6	4	2	5	3	3	0	0	77.53769
12	6	7	11	7	8	1	0	79.37689
6	5	1	5	4	1	0	1	80.38376
6	5	2	5	4	1	1	1	80.47793
6	5	2	5	4	2	0	1	80.64956
6	5	1	5	4	1	1	0	60.66641
6	5	1	5	4	2	0	0	80.83765
6	5	1	8	4	2	1	1	80.66119
7	3	4	6	2	4	0	1	80.90354
6	5	2	5	4	2	1	0	80.93160
7	3	4	6	2	4	1	0	81.20224
10	4	6	9	5	4	0	1	81.31126
7	4	3	6	3	3	0	1	82.73640
7	4	3	6	3	3	1	0	83.01794
7	2	5	6	1	5	0	1	83.66470
7	2	5	6	1	8	1	0	83.97523
13	5	9	12	6	7	1	0	84.78571
7	3	5	6	2	5	0	1	85.25850
7	1	6	6	0	6	0	1	85.54219
7	3	5	6	2	5	1	0	85.56354
7	2	6	6	1	6	0	1	85.67143
7	1	6	6	0	6	1	0	85.87621
6	6	0	5	5	0	0	1	85.95672
7	2	6	6	1	6	1	0	86.00463
6	6	0	5	5	0	1	0	86.23855
6	6	1	5	5	1	1	0	88.24241
7	4	4	6	3	4	0	1	86.43899
11	5	6	10	6	4	1	0	86.46046
7	4	4	6	3	4	1	0	86.71814
7	5	3	6	4	2	1	1	88.88751
11	4	7	10	5	8	1	0	89.11582
7	5	2	6	4	2	0	1	89.20330
7	5	2	6	4	2	1	0	89.44870
7	5	3	6	4	3	0	1	90.13727
7	5	3	6	4	3	1	0	90.38326
7	5	2	6	4	3	0	0	90.69876
8	4	4	7	3	4	0	1	92.48331
8	4	4	7	3	4	1	0	92.76172
8	3	5	7	2	5	0	1	93.41835
8	3	5	7	2	5	1	0	93.70892
7	6	1	6	5	1	0	1	95.16978
7	6	2	6	5	2	0	1	95.23593
7	6	2	6	5	1	0	0	95.33091
7	6	1	6	5	2	1	1	95.38348
7	6	1	6	5	1	1	0	95.47753
7	6	2	6	5	2	1	0	95.52427
8	5	4	7	4	3	1	1	96.10033
8	2	6	7	1	6	0	1	96.55636
8	2	6	7	1	6	1	0	96.86470
8	3	6	7	2	6	0	1	97.25174
6	4	2	5	1	4	1	0	97.35463
8	4	5	7	3	8	0	1	97.41574
8	5	3	7	4	3	0	1	97.53503
8	3	6	7	2	6	1	0	97.55534
6	4	5	7	3	5	1	0	97.69173	
8	5	3	7	4	3	1	0	97.78532	
8	1	7	7	0	7	0	1	97.92520	
8	2	7	7	1	7	0	1	97.96567	
8	1	7	7	0	7	1	0	98.26127	
8	2	7	7	1	7	1	0	98.30167	
8	5	4	7	4	4	0	1	99.92605	
8	5	4	7	4	4	1	0	100.17267	
7	7	0	6	6	0	0	1	100.57490
7	7	1	6	6	1	0	1	100.57490
7	7	1	6	6	1	1	0	100.53591
7	7	0	6	6	0	1	0	100.63591	
6	5	3	7	4	4	0	0	101.60723	
9	4	5	8	3	5	0	1	103.52904	
9	4	5	8	3	5	1	0	103.79971	
6	6	2	7	5	2	0	1	104.20697	
8	6	3	7	5	2	1 	1	104.29937	
8	6	2	7	5	2	1	0	104.48024	
8	6	3	7	5	3	0	1	104.56969	
8	6	2	7	5	3	0	0	104.74947	
8	6	3	7	5	3	1	0	104.84173	
9	5	4	8	4	4	0	1	105.94612	
9	5	4	8	4	4 	1	0	106.19796	
9	3	6	8	2	6	0	1	106.58753	
9	3	6	8	2	6	1	0	106.86913	
9	4	6	8	3	6	0	1	108.90778	
9	2	7	6	1	7	0	1	109.16537	
9	4	6	8	3	6	1	0	109.18040	
9	3	7	8	2	7	0	1	109.42681	
9	2	7	8	1	7	1	0	109.46860	
9	3	7	8	2	7	1	0	109.73071	
8	7	1	7	6	1	0	1	109.62548	
8	7	2	7	6	2	0	1	109.83573	
8	7	1	7	6	1	1	0	110.06493	
8	7	2	7	6	2	1	0	110.09486	
9	5	5	8	4	5	0	1	110.17266	
9	1	8	8	0	6	0	1	110.25309	
9	2	8	8	1	8	0	1	110.26551
9	5	5	8	4	5	1	0	110.41699
9	1	8	8	0	8	1	0	110.59264
9	2	8	8	1	8	1	0	110.60396
9	8	4	8	5	3	1	1	112.50585
9	6	3	8	5	3	0	1	112.90876
7	4	3	6	1	5	1	0	112.91662
9	6	3	8	5	3	1	0	113.12007
9	6	4	8	5	4	0	1	113.96330
9	6	4	8	5	4	1	0	114.17155
9	6	3	8	5	4	0	0	114.57410
8	8	0	7	7	0	0	1	115.09323
8	8	1	7	7	1	0	1	115.09323
10	5	5	9	4	5	0	1	115.26060
8	6	1	7	7	1	1	0	115.33310
8	8	0	7	7	0	1	0	115.33310
10	5	5	9	4	5	1	0	115.50765	
7	5	2	6	2	4	1	0	115.89017	
10	4	6	9	3	6	0	1	115.90071	
9	7	2	8	6	2	0	1	116.97972	
9	7	3	8	6	3	0	1	119.03061	
9	7	3	8	6	2	0	0	119.12297	
9	7	2	8	6	3	1	1	119.17117	
9	7	2	8	6	3	0	0	119.20717	
9	7	2	8	6	2	1	0	119.26346	
9	7	3	8	6	3	1	0	119.31403	
10	6	5	9	5	4	1	1	119.48452	
10	3	7	9	2	7	0	1	119.67596	
10	3	7	9	2	7	1	0	119.94955	
10	4	7	9	3	7	0	1	120.77995
10	5	6	9	4	6	0	1	120.96416
10	6	4	9	5	4	0	1	121.03173
10	4	7	9	3	7	1	0	121.04910
10	5	6	9	4	6	1	0	121.20463
10	6	4	9	5	4	1	0	121.24575
10	2	8	9	1	8	0	1	121.56317
10	3	8	9	2	8	0	1	121.67529
10	2	8	9	1	8	1	0	121.88564
10	3	8	9	2	8	1	0	121.97665
10	1	9	9	0	9	0	1	122.55084
10	2	9	9	1	9	0	1	122.55084
10	2	9	9	1	9	1	0	122.89756
10	1	9	9	0	9	1	0	122.69756
10	6	5	9	5	5	0	1	123.60773
10	6	5	9	5	5	1	0	123 81654
9	8	1	8	7	1	0	1	124.34183
9	8	2	8	7	2	0	1	124.34163
9	8	1	6	7	1	1	0	124.57866
9	8	2	8	7	2	1	0	124.57868
10	6	4	9	5	5	0	0	125.36386	
11	5	6	10	4	6	0	1	125.94121	
11	5	6	10	4	6	1	0	126.16056	
8	5	3	7	2	5	0	1	126.47660	
8	5	3	7	2	5	1	0	126.74278	
10	7	4	9	6	3	1	1	127.97535
10	7	3	9	8	3	1	0	128.13157
10	7	4	9	6	4	0	1	128.30384
10	7	3	9	6	4	0	0	128.45881
10	7	4	9	6	4	1	0	128.56799
11	6	5	10	5	5	0	1	129.07723
11	4	7	10	3	7	0	1	129.12064
11	6	5	10	5	5	1	0	129.29191
11	4	7	10	3	7	1	0	129.36967
9	9	0	8	8	0	0	1	129.50189
9	9	1	8	8	1	0	1	129.50189
9	9	0	8	8	0	1	0	129.71967
9	9	1	8	8	1	1	0	129.71967
11	5	7	10	4	7	0	1	132.28024
11	3	8	10	2	3	0	1	132.41586
11	5	7	10	4	7	1	0	132.51643
11	3	8	10	2	8	1	0	132.60319
11	4	0	10	3	8	0	1	132.87250
11	4	8	10	3	8	1	0	133.13779
10	8	2	9	7	2	0	1	133.52505
10	8	3	9	7	3	0	1	133.53803
10	8	3	9	7	2	0	0	133.64674
10	8	2	9	7	3	1	1	133.65277
10	8	2	9	7	3	0	0	133.66507
11	6	6	10	5	6	0	1	133.66974
10	8	2	9	7	2	1	0	133.76070
10	8	3	9	7	3	1	0	133.77382
11	2	9	10	1	9	0	1	133.90094
11	3	9	10	2	9	0	1	133.93107
11	2	9	10	1	9	1	0	134.20257
11	3	9	10	2	9	1	0	134.23254
11	2	10	10	1	10	0	1	134.62490
11	2	10	10	0	10	0	1	134.62490
11	2	10	10	1	10	1	0	135.17560
11	1	10	10	0	10	1	0	135.17560
11	7	4	10	6	4	0	1	138.46866
11	7	4	10	6	4	1	0	136.64166
11	7	5	10	6	5	0	1	137.57920
11	7	5	10	6	5	1	0	137.75016
12	6	6	11	5	6	0	1	137.91462
12	5	7	11	4	7	0	1	138.07246
12	6	6	11	5	6	1	0	138.12729
12	5	7	11	4	7	1	0	138.30095
10	9	2	9	8	2	0	1	138.73920
10	9	1	9	8	1	0	1	138.73920
10	9	1	9	8	1	1	0	138.95457
10	9	2	9	8	2	1	0	138.95457
9	5	4	8	2	6	1	0	141.45825
12	4	8	11	3	8	0	1	142.38430
1	8	3	10	7	3	0	1	142.58537
12	4	8	11	3	8	1	0	142,62163
11	8	4	10	7	4	0	1	142.62898
11	8	4	10	7	3	0	0	142.73798
11	8	3	10	7	4	1	1	142 75958
11	8	3	10	7	3	1	0	142.86846
12	8	4	10	7	4	1	0	142.91205
10	10	0	9	9	0	0	1	143.70775
10	10	1	9	9	1	0	1	143.70775
10	10	1	9	9	1	1	0	143.90349
10	10	0	9	9	0	1	0	143.98349
12	5	8	11	4	8	0	1	144.00874
12	5	8	11	4	8	1	0	144.23949
12	6	7	11	5	7	0	1	144.25604
12	7	5	11	6	5	0	1	144.40793
12	8	7	11	5	7	1	0	144.45834
12	7	5	11	8	5	1	0	144.58424
12	3	9	11	2	9	0	1	144.88529
12	4	9	11	3	9	0	1	145.05761
12	3	9	11	1	9	1	0	145.14768
12	4	9	11	3	9	1	0	145.31930
12	2	10	11	1	10	0	1	146.16095
12	3	10	11	2	10	0	1	146.17054
12	2	10	11	1	10	1	0	146.46376
12	3	10	11	2	10	1	0	146.47345
12	7	6	11	6	6	0	1	147.06421
12	1	11	11	0	11	0	1	147.07825
12	2	11	11	1	11	0	1	147.07025
12	7	6	21	6	6	1	0	147.23393
12	1	11	11	0	11	1	0	147.43630
12	2	11	11	1	11	1	0	147.43630
11	9	3	10	8	3	0	1	147.92360
11	9	2	10	8	2	0	1	147.92360
11	9	3	10	8	3	1	0	148.13490
11	9	2	10	8	2	1	0	148.13490
13	6	7	12	5	7	0	1	148.14655
13	6	7	12	5	7	1	0	140.35280
13	5	9	12	4	6	0	1	151.25408
12	8	4	11	7	4	0	1	151.34303
12	8	5	11	7	4	1	1	151.47003
13	8	8	12	4	8	1	0	151.47003
12	8	4	11	7	4	1	0	151.59592
12	8	5	11	7	5	0	1	151.02984
12	8	4	11	7	5	0	0	151.95274
12	8	5	11	7	5	1	0	152.08085	
13	7	6	12	6	6	0	1	152.11166	
13	7	6	12	6	6	1	0	152.20935	
11	10	2	10	9	2	0	1	153.01256
11	10	1	10	9	1	0	1	153.01256
11	10	1	10	9	1	1	0	153.20503
11	10	2	10	9	2	1	0	153.20503
13	4	9	12	3	9	0	1	155.27022	
13	6	0	12	5	8	0	1	155.37236	
13	4	9	12	3	9	1	0	155.49864	
13	6	6	12	5	6	1	0	155.56931	
10	6	4	9	3	6	0	1	155.62151	
13	5	9	12	4	9	0	1	155.99407	
13	5	9	12	4	9	1	0	156.21070	
13	7	7	12	6	7	0	1	156.92470	
12	9	3	11	8	3	0	1	157.02259	
12	9	4	11	8	4	0	1	157.03657	
13	7	7	12	6	7	1	0	157.09200	
13	3	10	12	2	10	0	1	157.19620	
12	9	3	11	8	3	1	0	157.23470	
12	9	4	11	8	4	1	0	157.24673	
13	4	10	12	3	10	0	1	157.25679	
13	3	10	12	2	10	1	0	157.45651	
13	4	10	12	3	10	1	0	157.51749	
11	11	0	10	10	0	0	1	157.94150
11	11	1	10	10	1	0	1	157.94150
11	11	1	10	10	1	1	0	158.11464
11	11	0	10	10	0	1	0	158.11464
13	2	11	12	1	11	0	1	158.38348
13	3	11	12	2	11	0	1	158.38340
13	2	11	12	1	11	1	0	156.66661
13	3	11	12	2	11	1	0	158.68601
13	2	12	12	1	12	0	1	159.31218
13	1	12	12	0	12	0	1	159.31210
13	1	12	12	0	12	1	0	159.67859
13	2	12	12	1	12	1	0	159.67859
13	8	5	12	7	5	0	1	159.85269	
14	6	0	13	5	8	0	1	159.93606	
13	8	5	12	7	5	1	0	159.98772	
14	6	8	13	5	8	1	0	160.13107	
14	7	7	13	6	7	0	1	160.44779	
14	7	7	13	6	7	1	0	160.62459
13	8	6	12	7	6	0	1	160.97104	
13	8	6	12	7	6	1	0	161.10335	
12	10	2	11	9	2	0	1	162.18489
12	10	3	11	9	3	0	1	162.18469
12	10	3	11	9	3	1	0	162.37445
12	10	2	11	9	2	1	0	162.37445
14	5	9	13	4	9	0	1	164.65401
14	5	9	13	4	9	1	0	164.05524
13	9	4	12	8	4	0	1	165.97913
13	9	5	12	6	5	0	1	166.01275
13	9	4	12	6	5	1	1	166.13074
13	9	5	12	8	4	0	0	166.14062
13	9	4	12	8	4	1	0	166.25854
13	9	5	12	6	5	1	0	166.29154
14	6	9	13	5	9	0	1	166.92825
14	6	9	13	5	9	1	0	167.11807
12	11	1	11	10	1	0	1	167.15024
12	11	2	11	10	2	0	1	167.15024
14	7	8	13	6	8	0	1	167.28356
12	11	1	11	10	1	1	0	167.32125
12	11	2	11	10	2	1	0	167.32125
14	7	8	13	6	8	1	0	167.44352
14	8	6	13	7	6	0	1	167.63751
14	8	6	13	7	6	1	0	167.77579
14	4	10	13	3	10	0	1	167.80464
14	4	10	13	3	10	1	0	168.02559
14	5	10	13	4	10	0	1	166.09769
14	5	10	13	4	10	1	0	168.31695
14	3	11	13	2	11	0	1	169.41660
14	4	11	13	3	11	0	1	169.43977
14	3	11	13	2	11  1	0	169.67534
14	4	11	13	3	11	1	0	169.69632
15	7	8	14	6	8	0	1	170.15436
14	8	7	13	7	7	0	1	170.28155
15	7	8	14	6	8	1	0	170.32584
14	8	7	13	7	7	1	0	170.41332
14	3	12	13	2	12	0	1	170.57006
14	2	12	13	1	12	0	1	170.57006
14	3	12	13	2	12	1	0	170.87757
14	2	12	13	1	12	1	0	170.67757
13	10	3	12	9	3	0	1	171.28866
13	10	4	12	9	4	0	1	171.28865
13	10	3	12	9	3	1	0	171.47411
13	10	4	12	9	4	1	0	171.47411
14	2	13	13	1	13	0	1	171.52490
14	1	13	13	0	13	0	1	171.52498
14	1	13	13	0	13	1	0	171.90222
14	2	13	13	1	13	1	0	171.90222
12	12	0	11	11	0	0	1	171.95133
12	12	1	11	11	1	0	1	171.95133
12	12	0	11	11	0	1	0	172.10309   
12	12	1	11	11	1	1	0	172.10309   
15	6	9	14	5	9	0	1	172.97655   
15	6	9	14	5	9	1	0	173.15735   
14	9	5	13	8	5	0	1	174.61447   
14	9	6	13	8	5	1	1	174.75600   
14	9	5	13	8	5	1	0	174.84892   
15	9	7	14	7	7	0	1	175.03590   
14	9	6	13	8	6	0	1	175.12218   
15	8	7	14	7	7	1	0	175.17721   
14	9	5	13	8	8	0	0	175.21420   
14	9	6	13	8	6	1	0	175.35572   
13	11	2	12	10	2	0	1	176.30797   
13	11	3	12	10	3	0	1	176.30797   
13	11	2	12	10	2	1	0	176.47586   
13	11	3	12	10	3	1	0	176.47586   
15	5	10	14	4	10	0	1	177.69376   
15	5	10	14	4	10	1	0	177.88340   
15	7	9	14	6	9	0	1	178.17222   
15	7	9	14	6	9	1	0	178.33087   
15	6	10	14	5	10	0	1	178.77752   
15	6	10	14	5	10	1	0	178.96147   
15	8	8	14	7	8	0	1	179.92479   
15	8	8	14	7	8	1	0	180.05471   
15	4	11	14	3	11	0	1	180.11678   
15	5	11	14	4	11	0	1	180.22829   
14	10	4	13	9	4	0	1	180.29156   
14	10	5	13	9	5	0	1	180.30424   
15	4	11	14	3	11	1	0	180.33205   
15	5	11	14	4	11	1	0	180.44254   
14	10	4	13	9	4	1	0	180.48065   
14	10	5	13	9	5	1	0	180.49333   
13	12	2	12	11	2	0	1	181.14342   
13	12	1	12	11	1	0	1	181.14342   
13	12	2	12	11	2	1	0	181.29313   
13	12	1	12	11	1	1	0	181.29313   
15	3	12	14	2	12	0	1	181.58011   
15	4	12	14	3	12	0	1	181.58666   
15	3	12	14	2	12	1	0	181.83533   
15	4	12	14	3	12	1	0	181.84214   
15	2	13	14	1	13	0	1	182.72822   
15	3	13	14	2	13	0	1	182.72822   
16	8	8	15	7	8	0	1	182.86433   
16	8	8	15	7	6	1	0	183.00299   
15	9	6	14	8	6	0	1	183.03394   
15	3	13	14	2	13	1	0	183.03956   
15	2	13	14	1	13	1	0	183.03956   
15	9	6	14	8	6	1	0	183.13273   
15	1	14	14	0	14	0	1	183.71864   
15	2	14	14	1	14	0	1	183.71864   
15	2	14	14	1	14	1	0	184.10588   
15	1	14	14	0	14	1	0	184.10588   
15	9	7	14	8	7	0	1	184.11949   
15	9	7	14	8	7	1	0	184.21661   
14	11	4	13	10	4	0	1	185.39961   
14	11	3	13	10	3	0	1	185.39961   
14	11	3	13	10	3	1	0	185.56489   
14	11	4	13	10	4	1	0	185.56489   
13	13	1	12	12	1	0	1	185.80792   
13	13	0	12	12	0	0	1	185.80792   
13	13	1	12	12	1	1	0	185.94617   
13	13	0	12	12	0	1	0	185.94017   
16	6	10	15	5	10	0	1	186.45516   
16	6	10	15	5	10	1	0	186.62107   
15	10	6	14	9	6	0	1	189.16137   
15	10	5	14	9	6	1	1	189.26475   
15	10	6	14	9	5	0	0	189.30302   
15	10	5	14	9	6	0	0	189.34908   
15	10	5	14	9	5	1	0	189.40607   
15	10	6	14	9	6	1	0	189.43006   
16	7	10	15	6	10	0	1	189.52481   
16	7	10	15	6	10	1	0	189.67667   
16	8	9	15	7	9	1	0	190.16197   
14	12	2	13	11	2	0	1	190.28359   
14	12	3	13	11	3	0	1	190.28359   
16	5	11	15	4	11	0	1	190.30893   
14	12	2	13	11	2	1	0	190.43084   
14	12	3	13	11	3	1	0	190.43084   
16	9	7	15	8	7	0	1	190.69142   
16	6	11	15	5	11	0	1	190.77558   
16	6	11	15	5	11	1	0	190.95334   
17	8	9	16	7	9	1	0	192.11826   
16	4	12	15	3	12	0	1	192.29765   
16	5	12	15	4	12	0	1	192.33785   
16	4	12	15	3	12	1	0	192.50768   
16	5	12	15	4	12	1	0	192.54811   
16	9	8	15	8	8	1	0	193.34138   
16	4	13	15	3	13	0	1	193.69470   
16	3	13	15	2	13	0	1	193.69470   
16	3	13	15	2	13	1	0	193.94998   
16	4	13	15	3	13	1	0	193.94998 
15	11	4	14	10	4	0	1	194.40959
15	11	5	14	10	5	0	1	194.40959
17	7	10	16	6	10	1	0	194.43011
15	11	4	14	10	4	1	0	194.57005
15	11	5	14	10	5	1	0	194.57005
16	3	14	15	2	14	0	1	194.85727
16	2	14	15	1	14	0	1	194.85727
14	13	1	13	12	1	0	1	194.98268
14	13	2	13	12	2	0	1	194.98268
14	13	2	13	12	2	1	0	195.11281
14	13	1	13	12	1	1	0	195.11281
16	3	14	15	2	14	1	0	195.17366
16	2	14	15	1	14	1	0	195.17366
16	2	15	15	1	15	0	1	195.88972
16	1	15	15	0	15	0	1	195.88972
16	2	15	15	1	15	1	0	196.28996
16	1	15	15	0	15	1	0	196.28996
16	10	7	15	9	6	1	1	197 80460
16	10	6	15	9	6	1	0	197.86735
17	9	8	16	8	8	1	0	197.93878
16	10	6	15	9	7	0	0	198.22409
15	12	4	14	11	4	0	1	199.35932
15	12	3	14	11	3	0	1	199.35932
15	12	3	14	11	3	1	0	199.50381
15	12	4	14	11	4	1	0	199.50381
14	14	0	13	13	0	0	1	199.50381
14	14	1	13	13	1	0	1	199.50381
14	14	1	13	13	1	1	0	199.61751
14	14	0	13	13	0	1	0	199.61751
17	6	11	16	5	11	1	0	199.79972
17	8	10	16	7	10	0	1	200.66988
17	8	10	16	7	10	1	0	200.79242
17	7	11	16	6	11	0	1	201.20717
17	5	12	16	4	12	1	0	202.80107
17	6	12	16	5	12	1	0	202.98621
16	11	5	15	10	5	0	1	203.30746
16	11	5	15	10	5	1	0	203.47439
16	11	6	15	10	6	1	0	203.48370
15	13	2	14	12	2	0	1	204.10339
15	13	3	14	12	3	0	1	204.10339
15	13	2	14	12	2	1	0	204.23099
15	13	3	14	12	3	1	0	204.23099
17	4	13	16	3	13	0	1	204.39332
17	5	13	16	4	13	0	1	204.40749
17	4	13	16	3	13	1	0	204.59858
17	3	14	16	2	14	0	1	205.76743
17	3	14	16	3	14	0	1	205.76743
17	4	14	16	3	14	1	0	206.02218
17	3	14	16	2	14	1	0	206.02218
17	3	15	16	2	15	0	1	206.95767
17	2	15	16	1	15	0	1	206.95767
17	10	6	16	9	8	0	1	207.00603
17	2	15	16	1	15	1	0	207.28083
17	3	15	16	2	15	1	0	207.28083
17	1	16	16	0	16	0	1	208.03840
17	2	16	16	1	16	0	1	208.03840
16	12	4	15	11	4	0	1	208.35744
16	12	5	15	11	5	0	1	208.35744
16	12	4	15	11	4	1	0	208.49948
16	12	5	15	11	5	1	0	208.49948
15	14	1	14	13	1	0	1	208.65950
15	14	2	14	13	2	0	1	208.65950
15	14	1	14	13	1	1	0	208.77155
15	14	2	14	13	2	1	0	208.77155
17	11	6	16	10	7	1	1	212.14236
18	6	12	17	5	12	0	1	212.36009
15	15	0	14	14	0	0	1	213.03174
15	15	1	14	14	1	0	1	213.03174
15	15	0	14	14	0	1	0	213.12858
15	15	1	14	14	1	1	0	213.12858
16	13	4	15	12	4	0	1	213.15979
16	13	3	15	12	3	0	1	213.15979
16	13	3	15	12	3	1	0	213.28565
16	13	4	15	12	4	1	0	213.28565
18	6	13	17	5	13	0	1	214.83669
18	10	9	17	9	9	1	0	216.00302
17	12	5	16	11	5	1	0	217.40117
17	12	6	16	11	6	1	0	217.40117
16	14	3	15	13	3	0	1	217.75914
16	14	2	15	13	2	0	1	217.75914
18	4	15	17	3	15	0	1	217.80197
18	3	15	17	2	15	0	1	217.80197
16	14	3	15	13	3	1	0	217.86899
16	14	2	15	13	2	1	0	217.86899
18	4	15	17	3	15	1	0	218.05661
18	3	15	17	2	15	1	0	218.05661
18	3	16	17	2	16	0	1	219.02903
18	2	16	17	1	16	0	1	219.02903
18	3	16	17	2	16	1	0	219.35744
18	2	16	17	1	16	1	0	219.35744											  