 4  2  3  4  1  3   79302.637   0.010    temp.1
 4  2  3  4  1  3   79302.637   0.010    temp.2
 4  2  3  4  1  3   79302.637   0.010    temp.3
 4  2  3  4  1  3   79302.637   0.010    temp.4
 4  2  3  4  1  3   79302.924   0.010    temp.5
 4  2  3  4  1  3   79302.924   0.010    temp.6
 4  2  3  4  1  3   79302.924   0.010    temp.7
 1  1  0  1  0  1  110811.109   0.020    temp.8
 1  1  0  1  0  1  110811.711   0.020    temp.9
 1  1  0  1  0  1  110812.271   0.020   temp.10
 1  1  0  1  0  1  110812.864   0.020   temp.11
 1  1  0  1  0  1  110813.983   0.020   temp.12
 1  1  0  1  0  1  110894.934   0.030   temp.13
 1  1  0  1  0  1  110895.541   0.030   temp.14
 1  1  0  1  0  1  110896.107   0.030   temp.15
 1  1  0  1  0  1  110896.660   0.030   temp.16
 1  1  0  1  0  1  110897.783   0.030   temp.17
 4  2  2  4  1  3  268026.502   0.030   temp.18
 4  2  2  4  1  3  268026.502   0.030   temp.19
 4  2  2  4  1  3  268026.502   0.030   temp.20
 4  2  2  4  1  3  268027.313   0.030   temp.21
 4  2  2  4  1  3  268027.313   0.030   temp.22
 4  2  2  4  1  3  268027.313   0.030   temp.23
 4  2  2  4  1  3  268027.313   0.030   temp.24
 3  1  2  3  0  3  296475.318   0.050   temp.25
 3  1  2  3  0  3  296475.318   0.050   temp.26
 3  1  2  3  0  3  296475.318   0.050   temp.27
 3  1  2  3  0  3  296477.207   0.050   temp.28
 3  1  2  3  0  3  296477.207   0.050   temp.29
 3  1  2  3  0  3  296477.207   0.050   temp.30
 3  1  2  3  0  3  296477.207   0.050   temp.31
 3  1  2  3  0  3  296614.242   0.020   temp.32
 3  1  2  3  0  3  296614.242   0.020   temp.33
 3  1  2  3  0  3  296614.242   0.020   temp.34
 3  1  2  3  0  3  296616.132   0.020   temp.35
 3  1  2  3  0  3  296616.132   0.020   temp.36
 3  1  2  3  0  3  296616.132   0.020   temp.37
 3  1  2  3  0  3  296616.132   0.020   temp.38
 1  1  1  0  0  0  335445.431   0.010   temp.39
 1  1  1  0  0  0  335446.240   0.010   temp.40
 1  1  1  0  0  0  335446.760   0.010   temp.41
 1  1  1  0  0  0  335512.892   0.010   temp.42
 1  1  1  0  0  0  335513.715   0.010   temp.43
 1  1  1  0  0  0  335514.248   0.010   temp.44
 2  2  0  2  1  2  346351.162   0.050   temp.45
 2  2  0  2  1  2  346353.232   0.050   temp.46
 2  2  0  2  1  2  346353.232   0.050   temp.47
 2  2  0  2  1  2  346353.232   0.050   temp.48
 2  2  0  2  1  2  346354.642   0.050   temp.49
 2  2  0  2  1  2  356227.422   0.020   temp.50
 2  2  0  2  1  2  356228.565   0.020   temp.51
 2  2  0  2  1  2  356228.565   0.020   temp.52
 2  2  0  2  1  2  356229.611   0.020   temp.53
 2  2  0  2  1  2  356229.611   0.020   temp.54
 2  2  0  2  1  2  356229.611   0.020   temp.55
 2  2  0  2  1  2  356230.980   0.020   temp.56
 2  0  2  1  1  0  410487.790   0.040   temp.57
 2  0  2  1  1  0  410490.136   0.020   temp.58
 2  0  2  1  1  0  410492.338   0.020   temp.59
 3  2  2  3  1  3  414788.768   0.050   temp.60
 3  2  2  3  1  3  414788.768   0.050   temp.61
 3  2  2  3  1  3  414788.768   0.050   temp.62
 3  2  2  3  1  3  414790.567   0.050   temp.63
 3  2  2  3  1  3  414790.567   0.050   temp.64
 3  2  2  3  1  3  414790.567   0.050   temp.65
 3  2  2  3  1  3  414790.567   0.050   temp.66
 3  2  1  3  1  3  500437.761   0.050   temp.67
 3  2  1  3  1  3  500437.761   0.050   temp.68
 3  2  1  3  1  3  500437.761   0.050   temp.69
 3  2  1  3  1  3  500440.130   0.050   temp.70
 3  2  1  3  1  3  500440.130   0.050   temp.71
 3  2  1  3  1  3  500440.130   0.050   temp.72
 3  2  1  3  1  3  500440.130   0.050   temp.73
 4  2  3  4  1  4  522421.552   0.050   temp.74
 4  2  3  4  1  4  522421.552   0.050   temp.75
 4  2  3  4  1  4  522421.552   0.050   temp.76
 4  2  3  4  1  4  522423.142   0.050   temp.77
 4  2  3  4  1  4  522423.142   0.050   temp.78
 4  2  3  4  1  4  522423.142   0.050   temp.79
 4  2  3  4  1  4  522423.142   0.050   temp.80
 4  2  3  4  1  4  522736.348   0.050   temp.81
 4  2  3  4  1  4  522737.946   0.050   temp.82
 4  2  3  4  1  4  522737.946   0.050   temp.83
 4  1  4  3  2  2  547352.765   0.050   temp.84
 4  1  4  3  2  2  547352.765   0.050   temp.85
 4  1  4  3  2  2  547352.765   0.050   temp.86
 4  1  4  3  2  2  547354.709   0.050   temp.87
 4  1  4  3  2  2  547354.709   0.050   temp.88
 3  0  3  2  1  1  572942.971   0.050   temp.89
 3  0  3  2  1  1  572942.971   0.050   temp.90
 3  0  3  2  1  1  572942.971   0.050   temp.91
 3  0  3  2  1  1  572945.240   0.050   temp.92
 3  0  3  2  1  1  572945.240   0.050   temp.93
 3  0  3  2  1  1  583063.107   0.050   temp.94
 3  0  3  2  1  1  583063.107   0.050   temp.95
 3  0  3  2  1  1  583063.107   0.050   temp.96
 3  0  3  2  1  1  583065.375   0.050   temp.97
 3  0  3  2  1  1  583065.375   0.050   temp.98
 6  0  6  6  1  6     4860.20    0.05   temp.99
 7  0  7  7  1  7     5199.56    0.05  temp.100
 8  0  8  8  1  8     5364.03    0.05  temp.101
 7  1  7  7  0  7     5392.07    0.05  temp.102
 8  1  8  8  0  8     5414.15    0.05  temp.103
 9  0  9  9  1  9     5494.98    0.05  temp.104
 9  1  9  9  0  9     5507.75    0.05  temp.105
 6  1  6  6  0  6     5581.08    0.05  temp.106
10  0 10 10  1 10     5631.97    0.05  temp.107
10  1 10 10  0 10     5635.18    0.05  temp.108
11  0 11 11  1 11     5786.44    0.05  temp.109
11  1 11 11  0 11     5787.16    0.05  temp.110
12  1 12 12  0 12     5962.30    0.20  temp.111
13  0 13 13  1 13     6161.86    0.20  temp.112
14  0 14 14  1 14     6387.23    0.20  temp.113
 5  1  5  5  0  5     6461.09    0.05  temp.114
 6  2  5  6  1  5     7801.38    0.05  temp.115
 3  1  3  3  0  3     8283.92    0.05  temp.116
20  0 20 20  1 20     8415.69    0.10  temp.117
20  1 20 20  0 20     8415.69    0.10  temp.118
 7  2  6  7  1  6     9006.88    0.10  temp.119
17  6 12 17  5 12     9381.12    0.10  temp.120
 4  1  4  4  0  4     9517.49    0.10  temp.121
12  4  9 12  3  9     9827.97    0.10  temp.122
19  7 13 19  6 13    10013.34    0.10  temp.123
11  4  8 11  3  8    13067.71    0.10  temp.124
14  5 10 14  4 10    13947.20    0.10  temp.125
16  6 11 16  5 11    15587.42    0.10  temp.126
 6  2  5  6  1  5    17392.56    0.05  temp.127
 3  1  3  3  0  3    18481.81    0.10  temp.128
16  6 11 16  5 11    20448.44    0.10  temp.129
11  4  8 11  3  8    20538.89    0.10  temp.130
 8  3  6  8  2  6    20608.74    0.10  temp.131
13  5  9 13  4  9    24675.05    0.10  temp.132
 2  1  2  2  0  2   28561.699   0.030  temp.133
 5  2  4  5  1  4   28678.516   0.030  temp.134
 8  3  6  8  2  6   29320.083   0.010  temp.135
18  7 12 18  6 12    30281.97    0.10  temp.136
13  5  9 13  4  9    30975.69    0.10  temp.137
 5  2  4  5  1  4   38327.005   0.030  temp.138
10  4  7 10  3  7    38387.86    0.10  temp.139
 2  1  2  2  0  2   38738.586   0.030  temp.140
15  6 10 15  5 10    40749.73    0.10  temp.141
15  6 10 15  5 10    45892.92    0.10  temp.142
10  4  7 10  3  7    46068.51    0.10  temp.143
 4  2  3  4  1  3     79302.8     0.1  temp.144
 9  4  6  9  3  6     90438.6     0.1  temp.145
 9  4  6  9  3  6     98351.2     0.1  temp.146
 3  2  2  3  1  2   126597.39    0.10  temp.147
11  5  7 11  4  7   133334.86    0.10  temp.148
 3  2  2  3  1  2   136382.41    0.10  temp.149
11  5  7 11  4  7   140196.78    0.10  temp.150
 8  4  5  8  3  5   175855.75    0.10  temp.151
 2  2  1  2  1  1   183188.33    0.10  temp.152
 8  4  5  8  3  5   183987.87    0.10  temp.153
13  6  8 13  5  8   185718.28    0.10  temp.154
13  6  8 13  5  8   191494.99    0.10  temp.155
 2  2  1  2  1  1   193007.79    0.10  temp.156
 5  3  3  5  2  3   201911.78    0.10  temp.157
 2  2  0  2  1  1   206971.86    0.10  temp.158
 2  2  0  2  1  1   207170.50    0.10  temp.159
 5  3  3  5  2  3   211056.75    0.10  temp.160
 3  2  1  3  1  2   212246.87    0.10  temp.161
 3  2  1  3  1  2   212411.44    0.10  temp.162
10  5  6 10  4  6   242328.17    0.10  temp.163
 4  2  2  4  1  3   268174.04    0.10  temp.164
 7  4  4  7  3  4   284517.65    0.10  temp.165
 4  3  2  4  2  2   287464.75    0.10  temp.166
 7  4  4  7  3  4   292819.05    0.10  temp.167
 4  3  2  4  2  2   296688.33    0.10  temp.168
 5  3  2  5  2  3   309716.30    0.10  temp.169
 5  3  2  5  2  3   309962.21    0.10  temp.170
12  6  7 12  5  7   318728.36    0.10  temp.171
12  6  7 12  5  7   324779.40    0.10  temp.172
 2  2  1  2  1  2   332445.93    0.10  temp.173
 9  5  5  9  4  5   375035.49    0.10  temp.174
 1  1  0  0  0  0   378500.42    0.10  temp.175
 9  5  5  9  4  5   382349.03    0.10  temp.176
 5  2  3  5  1  4   383352.88    0.10  temp.177
 5  2  3  5  1  4   383503.49    0.10  temp.178
 1  1  0  0  0  0   388651.92    0.10  temp.179
 6  4  3  6  3  3   395212.30    0.10  temp.180
 7  4  3  7  3  4   406603.01    0.10  temp.181
 7  4  3  7  3  4   406930.11    0.10  temp.182
 2  0  2  1  1  0   420634.35    0.10  temp.183
 2  0  2  1  1  1   463628.59    0.10  temp.184
 2  0  2  1  1  1   463688.49    0.10  temp.185
11  6  6 11  5  6   473978.33    0.10  temp.186
11  6  6 11  5  6   480221.39    0.10  temp.187
 9  4  6  9  3  6    90438.63   0.050  temp.188
14  6  9 14  5  9   93121.009   0.050  temp.189
 9  4  6  9  3  6   98351.137   0.050  temp.190
14  6  9 14  5  9   98577.772   0.050  temp.191
 6  3  4  6  2  4  118504.182   0.050  temp.192
 2  1  1  2  0  2  177819.325   0.050  temp.193
 2  1  1  2  0  2  177921.203   0.050  temp.194
18  8 11 18  7 11  183472.329   0.100  temp.195
18  8 11 18  7 11  186878.391   0.200  temp.196
15  7  9 15  6  9  248927.534   0.050  temp.197
10  5  6 10  4  6  249449.989   0.100  temp.198
10  5  6 10  4  6  249450.038   0.050  temp.199
15  7  9 15  6  9  253639.645   0.050  temp.200
12  6  7 12  5  7  318728.295   0.050  temp.201
 6  3  3  6  2  4  351982.597   0.050  temp.202
14  7  8 14  6  8  410887.220   0.050  temp.203
 6  4  2  6  3  3  440102.126   0.050  temp.204
 3  3  0  3  2  2  442398.115   0.050  temp.205
 3  3  1  3  2  2  443297.355   0.050  temp.206
 3  3  1  3  2  2  444316.915   0.050  temp.207
 7  3  4  7  2  5  461050.791   0.050  temp.208
 7  2  5  6  5  1  486572.692   0.050  temp.209
 5  4  2  5  3  2  487342.420   0.050  temp.210
 5  4  2  5  3  2  495682.955   0.050  temp.211
 5  4  1  5  3  2  500947.302   0.050  temp.212
 5  4  1  5  3  2  501521.574   0.050  temp.213
16  8  9 16  7  9  504693.126   0.050  temp.214
 9  5  4  9  4  5  504911.265   0.050  temp.215
 9  5  4  9  4  5  505315.377   0.050  temp.216
 8  5  4  8  4  4  507611.451   0.050  temp.217
16  8  9 16  7  9  508639.198   0.050  temp.218
10  5  5 10  4  6  512599.097   0.050  temp.219
10  5  5 10  4  6  512873.710   0.050  temp.220
 4  3  1  4  2  3  513087.953   0.050  temp.221
 8  5  4  8  4  4  515037.102   0.050  temp.222
 4  3  1  4  2  3  522355.415   0.050  temp.223
 9  4  5  9  3  6  532057.144   0.050  temp.224
 9  4  5  9  3  6  532209.162   0.050  temp.225
 6  2  4  6  1  5  543980.527   0.050  temp.226
 6  2  4  6  1  5  544179.908   0.050  temp.227
 4  4  1  4  3  1  546252.078   0.050  temp.228
 4  4  1  4  3  1  555367.932   0.050  temp.229
 4  4  0  4  3  2  579220.706   0.100  temp.230
13  7  7 13  6  7  581758.233   0.050  temp.231
13  7  7 13  6  7  586906.553   0.050  temp.232
 4  4  0  4  3  2  588325.254   0.050  temp.233
12  6  6 12  5  7  593242.326   0.050  temp.234
12  6  6 12  5  7  593562.750   0.050  temp.235
 5  4  2  5  3  3  594588.376   0.050  temp.236
 7  5  3  7  4  3  617060.188   0.050  temp.237
 7  5  3  7  4  3  624470.175   0.050  temp.238
 4  2  3  3  3  0  627692.811   0.050  temp.239
 4  2  3  3  3  1  636409.635   0.050  temp.240
 6  3  4  6  2  5  654683.364   0.050  temp.241
 5  3  2  5  2  4  664390.498   0.050  temp.242
 6  4  2  6  3  4  665161.928   0.050  temp.243
 3  1  2  2  2  0  672369.984   0.050  temp.244
 6  4  2  6  3  4  673580.494   0.050  temp.245
 8  2  6  7  5  2  683365.874   0.030  temp.246
 6  5  1  6  4  2  694067.161   0.050  temp.247
 6  5  2  6  4  2  696885.061   0.050  temp.248
15  8  8 15  7  8  698630.395   0.020  temp.249
 2  1  1  1  0  1  699224.180   0.050  temp.250
15  8  8 15  7  8  702712.022   0.020  temp.251
 2  1  1  1  0  1  709349.894   0.050  temp.252
15  7  8 15  6  9  723705.986   0.020  temp.253
 5  5  1  5  4  1  723770.389   0.020  temp.254
15  7  8 15  6  9  723893.601   0.020  temp.255
 5  5  0  5  4  1  727837.183   0.020  temp.256
 5  5  0  5  4  1  728315.873   0.020  temp.257
 6  5  1  6  4  3  730963.745   0.020  temp.258
 5  5  1  5  4  1  732022.787   0.020  temp.259
 6  5  2  6  4  3  733183.042   0.020  temp.260
 5  5  0  5  4  2  733675.812   0.020  temp.261
 6  5  2  6  4  3  733781.575   0.020  temp.262
 5  5  1  5  4  2  737375.281   0.020  temp.263
 5  5  1  5  4  2  737861.429   0.020  temp.264
 7  5  3  7  4  4  738581.147   0.020  temp.265
 7  5  3  7  4  4  739145.522   0.020  temp.266
 6  5  1  6  4  3  739529.798   0.020  temp.267
 5  0  5  4  1  3  739540.800   0.040  temp.268
 5  5  0  5  4  2  741920.745   0.020  temp.269
 9  3  6  8  6  2  746536.091   0.020  temp.270
 9  6  4  9  5  4  747808.211   0.020  temp.271
 7  5  2  7  4  4  748035.832   0.020  temp.272
12  7  6 12  6  6  748141.329   0.020  temp.273
12  7  6 12  6  6  753365.354   0.020  temp.274
 9  6  4  9  5  4  754142.246   0.020  temp.275
12  5  7 12  4  8  754871.209   0.020  temp.276
 9  3  6  8  6  2  755371.685   0.020  temp.277
 7  5  2  7  4  4  755400.481   0.020  temp.278
 8  5  4  8  4  5  764073.310   0.020  temp.279
 8  5  4  8  4  5  764549.386   0.020  temp.280
 6  1  6  5  2  4  764615.925   0.100  temp.281
 9  6  3  9  5  4  765572.975   0.020  temp.282
 9  6  3  9  5  4  766222.250   0.020  temp.283
 3  1  3  2  0  2  769244.730   0.020  temp.284
 3  1  3  2  0  2  769268.979   0.050  temp.285
 9  2  7  8  5  3  773844.975   0.200  temp.286
 6  1  6  5  2  4  774626.648   0.100  temp.287
 7  3  5  7  2  6  774633.321   0.100  temp.288
 6  2  5  6  1  6  787458.383   0.050  temp.289
 2  2  0  1  1  0  795582.067   0.050  temp.290
 2  2  0  1  1  0  805425.192   0.050  temp.291
 8  5  3  8  4  5  807083.150   0.050  temp.292
 7  4  3  7  3  5  811790.309   0.050  temp.293
 4  2  2  3  3  0  815531.668   0.050  temp.294
16  7  9 16  6 10  856171.217   0.400  temp.295
16  7  9 16  6 10  856220.960   0.040  temp.296
18  9  9 18  8 10  858226.129   0.100  temp.297
18  9  9 18  8 10  858660.416   0.100  temp.298
 7  1  7  6  2  5  860804.814   0.040  temp.299
 7  0  7  6  1  5  863214.082   0.040  temp.300
 3  3  1  3  0  3  866371.263   0.040  temp.301
 7  6  2  7  5  2  870382.696   0.020  temp.302
 7  0  7  6  1  5  873321.458   0.020  temp.303
 7  6  1  7  5  2  874159.210   0.020  temp.304
 7  6  1  7  5  2  874804.743   0.050  temp.305
 3  3  0  3  0  3  876120.388   0.050  temp.306
 8  6  2  8  5  4  876351.627   0.020  temp.307
14  8  7 14  7  7  876399.669   0.030  temp.308
 9  6  4  9  5  5  877108.694   0.030  temp.309
 3  3  1  3  0  3  877314.918   0.050  temp.310
 9  6  4  9  5  5  877684.034   0.030  temp.311
 8  6  3  8  5  4  877781.005   0.050  temp.312
 7  6  2  7  5  2  877841.488   0.030  temp.313
 6  3  3  6  2  5  878958.147   0.050  temp.314
 8  6  3  8  5  4  879116.879   0.030  temp.315
12  5  7 11  8  3  879460.798   0.050  temp.316
11  7  5 11  6  5  879979.707   0.050  temp.317
14  8  7 14  7  7  880520.805   0.020  temp.318
 7  6  1  7  5  3  883613.886   0.020  temp.319
11  4  7 11  3  8  884216.355   0.030  temp.320
11  4  7 11  3  8  884404.908   0.030  temp.321
 8  6  2  8  5  4   884568.08   0.030  temp.322
 8  2  6  8  1  7  884613.291   0.020  temp.323
 8  2  6  8  1  7  885011.431   0.070  temp.324
11  7  5 11  6  5  885181.009   0.020  temp.325
12  5  7 11  8  3  886133.711   0.030  temp.326
 7  6  2  7  5  3  886637.661   0.040  temp.327
 7  6  2  7  5  3  887296.139   0.020  temp.328
 6  3  3  6  2  5  888161.714   0.030  temp.329
 9  6  3  9  5  5  889188.719   0.020  temp.330
10  2  8  9  5  5  890071.601   0.040  temp.331
 6  6  1  6  5  1  890753.398   0.020  temp.332
10  2  8  9  5  5  890914.033   0.100  temp.333
 3  1  2  2  0  2 1047378.479   0.050  temp.334
 3  1  2  2  0  2 1057461.679   0.050  temp.335
 3  2  1  2  1  1 1081970.535   0.100  temp.336
12  8  4 12  7  5 1106168.099   0.100  temp.337
12  8  5 12  7  5 1109998.339   0.100  temp.338
 7  2  6  6  3  4 1127032.109   0.100  temp.339
 7  2  6  6  3  4 1136215.519   0.100  temp.340
 3  2  2  2  1  2 1145320.392   0.200  temp.341
12  8  5 12  7  6 1157447.781   0.100  temp.342
13  8  5 13  7  7 1157465.155   0.100  temp.343
 5  2  3  4  3  1 1157582.587   0.200  temp.344
11  8  4 11  7  4 1158907.728   0.200  temp.345
10  5  5 10  4  7 1167978.523   0.300  temp.346
11  8  3 11  7  5 1169771.899   0.100  temp.347
 7  3  4  7  2  6 1170701.479   0.200  temp.348
11  8  3 11  7  5 1175425.821   0.100  temp.349
10  8  2 10  7  4 1183885.875   0.100  temp.350
 5  2  3  4  3  2 1185110.993   0.100  temp.351
10  8  3 10  7  4 1187141.250   0.100  temp.352
10  8  2 10  7  3 1187149.499   0.100  temp.353
13  7  6 13  6  8 1187405.893   0.100  temp.354
10  8  3 10  7  3 1190404.852   0.100  temp.355
10  2  8 10  1  9 1191348.579   0.100  temp.356
 5  0  5  4  1  4 1192696.884   0.100  temp.357
14  8  6 14  7  8 1193114.886   0.500  temp.358
 7  3  5  6  4  2 1236503.548   0.200  temp.359
 4  3  2  3  2  2 1556001.308   0.100  temp.360
 4  3  2  3  2  2 1565266.523   0.100  temp.361
 6  2  5  5  1  4 1590323.445   0.100  temp.362
 4  3  1  3  2  2 1592795.008   0.100  temp.363
 7  2  5  6  3  3 1621154.874   0.100  temp.364
 7  3  4  6  4  2 1633336.458   0.300  temp.365
 7  3  4  6  4  2 1641690.737   0.100  temp.366
 7  0  7  6  1  6 1642871.129   0.100  temp.367
 7  0  7  6  1  6 1642947.145   0.100  temp.368
 7  1  7  6  0  6 1643328.613   0.100  temp.369
 7  1  7  6  0  6 1643403.049   0.100  temp.370
 5  3  3  4  2  2 1683711.264   0.200  temp.371
 4  4  0  3  3  0 1691440.688   0.100  temp.372
 4  4  1  3  3  1 1694381.370   0.100  temp.373
 4  4  0  3  3  1 1700009.486   0.100  temp.374
 4  4  0  3  3  0 1701928.417   0.200  temp.375
 8  4  4  7  5  2 1732662.471   0.100  temp.376
 6  5  1  5  4  1 2409847.645   0.200  temp.377
 6  5  2  5  4  2 2417810.376   0.200  temp.378
 7  3  4  6  2  4 2425421.623   0.200  temp.379
 7  2  6  6  1  6 2578357.087   0.200  temp.380
 4  3  1  4  2  3    17.11486 0.00050  temp.381
 4  4  0  4  3  2    19.32091 0.00050  temp.382
 5  4  1  5  3  3    20.02768 0.00050  temp.383
 5  4  1  5  3  3    20.30606 0.00050  temp.384
 7  5  3  7  4  3    20.58323 0.00050  temp.385
 5  3  2  5  2  4    22.16228 0.00050  temp.386
 3  1  2  2  2  0    22.42826 0.00050  temp.387
 6  5  2  6  4  2    22.95957 0.00050  temp.388
 6  5  2  6  4  2    23.24559 0.00050  temp.389
 2  1  1  1  0  1    23.32382 0.00050  temp.390
 2  1  1  1  0  1    23.66167 0.00050  temp.391
 5  5  1  5  4  1    24.14175 0.00050  temp.392
 6  5  1  6  4  3    24.38235 0.00050  temp.393
 5  5  1  5  4  1    24.41698 0.00050  temp.394
 5  5  0  5  4  2    24.47348 0.00050  temp.395
 6  5  1  6  4  3    24.66765 0.00050  temp.396
 5  5  0  5  4  2    24.74776 0.00050  temp.397
 9  6  4  9  5  4    24.94367 0.00050  temp.398
 9  6  4  9  5  4    25.15555 0.00050  temp.399
 7  5  2  7  4  4    25.19745 0.00050  temp.400
 2  2  0  1  1  0    26.53779 0.00050  temp.401
 7  4  3  7  3  5    26.79844 0.00050  temp.402
 2  2  0  1  1  0    26.86588 0.00050  temp.403
 8  5  3  8  4  5    26.92076 0.00050  temp.404
 7  4  3  7  3  5    27.07910 0.00050  temp.405
 2  2  1  1  1  1    27.50862 0.00050  temp.406
 8  6  3  8  5  3    27.61423 0.00050  temp.407
 8  6  2  8  5  3    27.79711 0.00050  temp.408
 2  2  1  1  1  1    27.83740 0.00050  temp.409
 8  6  3  8  5  3    27.88964 0.00050  temp.410
 7  6  2  7  5  2    29.03310 0.00050  temp.411
 8  6  2  8  5  4    29.23212 0.00050  temp.412
 7  6  2  7  5  2    29.28177 0.00050  temp.413
 7  6  1  7  5  3    29.47399 0.00050  temp.414
 8  6  2  8  5  4    29.50621 0.00050  temp.415
 6  6  1  6  5  1    29.71223 0.00050  temp.416
 7  6  1  7  5  3    29.72223 0.00050  temp.417
 6  6  0  6  5  2    29.77265 0.00050  temp.418
 9  6  3  9  5  5    29.86869 0.00050  temp.419
 6  6  1  6  5  1    30.00115 0.00050  temp.420
 6  6  0  6  5  2    30.06104 0.00050  temp.421
 4  1  3  3  2  1    30.51262 0.00050  temp.422
10  6  4 10  5  6    31.39919 0.00050  temp.423
 9  5  4  9  4  6    31.57241 0.00050  temp.424
10  7  4 10  6  4    32.21390 0.00050  temp.425
 6  2  5  5  3  3    33.21846 0.00050  temp.426
 6  2  5  5  3  3    33.52443 0.00050  temp.427
 9  7  3  9  6  3    33.79980 0.00050  temp.428
 9  7  3  9  6  3    34.01960 0.00050  temp.429
10  7  4 10  6  5    34.02775 0.00050  temp.430
10  7  3 10  6  5    34.18305 0.00050  temp.431
 8  4  4  8  3  6    34.28247 0.00050  temp.432
 9  7  2  9  6  4    34.31470 0.00050  temp.433
11  7  4 11  6  6    34.37054 0.00050  temp.434
 9  7  2  9  6  4    34.53293 0.00050  temp.435
 8  7  1  8  6  3    34.70549 0.00050  temp.436
 8  7  2  8  6  2    34.92073 0.00050  temp.437
 3  1  2  2  0  2    34.93695 0.00050  temp.438
 8  7  1  8  6  3    34.98942 0.00050  temp.439
 7  7  1  7  6  1    35.09856 0.00040  temp.440
 7  7  0  7  6  2    35.11127 0.00040  temp.441
 3  1  2  2  0  2    35.27305 0.00040  temp.442
 7  7  1  7  6  1    35.35905 0.00040  temp.443
 7  7  0  7  6  2    35.37174 0.00040  temp.444
 3  2  1  2  1  1    36.09067 0.00040  temp.445
 5  1  4  4  2  2    36.31820 0.00040  temp.446
 3  2  1  2  1  1    36.41811 0.00040  temp.447
 5  1  4  4  2  2    36.64016 0.00040  temp.448
 3  2  2  2  1  2    38.20374 0.00040  temp.449
 5  2  3  4  3  1    38.30688 0.00040  temp.450
11  8  4 11  7  4    38.46712 0.00040  temp.451
 3  2  2  2  1  2    38.53339 0.00040  temp.452
 5  2  3  4  3  1    38.61237 0.00040  temp.453
10  5  5 10  4  7    38.71728 0.00040  temp.454
 7  3  4  7  2  6    39.35405 0.00040  temp.455
10  8  3 10  7  3    39.42653 0.00040  temp.456
 6  1  5  5  2  3    39.67998 0.00040  temp.457
10  8  3 10  7  3    39.70734 0.00040  temp.458
 9  8  1  9  7  3    40.01602 0.00040  temp.459
 9  8  2  9  7  2    40.23813 0.00040  temp.460
 9  8  1  9  7  3    40.25407 0.00040  temp.461
 8  8  0  8  7  2    40.36977 0.00040  temp.462
 8  8  1  8  7  1    40.36977 0.00040  temp.463
 8  8  0  8  7  2    40.60623 0.00040  temp.464
 8  8  1  8  7  1    40.60623 0.00040  temp.465
 3  3  0  2  2  0    41.40739 0.00040  temp.466
 8  2  7  7  3  5    41.42029 0.00040  temp.467
 3  3  1  2  2  0    41.47152 0.00040  temp.468
 7  1  6  6  2  4    41.55304 0.00040  temp.469
 3  3  0  2  2  0    41.76247 0.00040  temp.470
 7  1  6  6  2  4    41.86516 0.00040  temp.471
 3  3  0  2  2  1    42.20093 0.00040  temp.472
 3  3  1  2  2  1    42.26460 0.00040  temp.473
 7  3  5  6  4  3    42.47543 0.00040  temp.474
 6  3  3  5  4  1    42.53786 0.00040  temp.475
 6  3  3  5  4  1    42.81558 0.00040  temp.476
 8  1  7  7  2  5    43.39037 0.00040  temp.477
 9  4  5  9  3  7    44.50452 0.00040  temp.478
 7  4  3  6  5  1    44.88606 0.00040  temp.479
11  9  2 11  8  4    44.99489 0.00040  temp.480
 7  4  3  6  5  1    45.17213 0.00030  temp.481
10  9  1 10  8  3    45.21809 0.00030  temp.482
10  9  2 10  8  2    45.21809 0.00030  temp.483
 9  9  0  9  8  2    45.53039 0.00030  temp.484
 9  9  1  9  8  1    45.53039 0.00030  temp.485
 9  9  0  9  8  2    45.74664 0.00030  temp.486
 9  9  1  9  8  1    45.74664 0.00030  temp.487
 4  2  2  3  1  2    46.53808 0.00030  temp.488
 4  2  2  3  1  2    46.86344 0.00030  temp.489
 4  1  3  3  0  3    47.48208 0.00030  temp.490
 6  2  4  5  3  2    47.50068 0.00030  temp.491
 6  2  4  5  3  2    47.80398 0.00030  temp.492
 4  1  3  3  0  3    47.81656 0.00030  temp.493
 8  3  6  7  4  4    48.43422 0.00030  temp.494
 8  3  6  7  4  4    48.71003 0.00030  temp.495
 4  2  3  3  1  3    49.52118 0.00030  temp.496
 8  4  5  7  5  3    49.78729 0.00030  temp.497
 4  2  3  3  1  3    49.85098 0.00030  temp.498
 8  4  5  7  5  3    50.03034 0.00030  temp.499
 4  3  1  3  2  1    50.27308 0.00030  temp.500
 4  3  1  3  2  1    50.58200 0.00030  temp.501
 4  3  2  3  2  2    51.90260 0.00030  temp.502
 4  3  2  3  2  2    52.21157 0.00030  temp.503
 9  3  7  8  4  5    53.15722 0.00030  temp.504
 9  3  7  8  4  5    53.43063 0.00030  temp.505
 7  2  5  6  3  3    53.77851 0.00030  temp.506
 7  2  5  6  3  3    54.07607 0.00030  temp.507
 7  3  4  6  4  2    54.48223 0.00030  temp.508
 7  3  4  6  4  2    54.76097 0.00030  temp.509
 9  5  5  8  6  3    55.63469 0.00030  temp.510
 4  4  0  3  3  0    56.42044 0.00030  temp.511
 4  4  1  3  3  1    56.51824 0.00030  temp.512
 4  4  1  3  3  0    56.58252 0.00030  temp.513
 4  4  0  3  3  1    56.70618 0.00030  temp.514
 4  4  0  3  3  0    56.77033 0.00030  temp.515
 4  4  1  3  3  1    56.86798 0.00030  temp.516
10  3  8  9  4  6    57.17755 0.00030  temp.517
 8  2  6  7  3  4    57.22250 0.00030  temp.518
 9  4  6  8  5  4    57.44499 0.00030  temp.519
 8  2  6  7  3  4    57.51389 0.00030  temp.520
 9  4  6  8  5  4    57.68887 0.00030  temp.521
 8  4  4  7  5  2    57.79486 0.00030  temp.522
 5  2  3  4  1  3    58.05202 0.00030  temp.523
 5  2  3  4  1  3    58.37285 0.00030  temp.524
 9  2  7  8  3  5    58.84752 0.00030  temp.525
 9  2  7  8  3  5    59.13136 0.00030  temp.526
 5  3  2  4  2  2    59.45070 0.00030  temp.527
 9  5  4  8  6  2    59.50935 0.00030  temp.528
 5  3  2  4  2  2    59.75860 0.00030  temp.529
10  2  8  9  3  6    59.94689 0.00030  temp.530
 5  1  4  4  0  4    60.35082 0.00030  temp.531
 5  1  4  4  0  4    60.68386 0.00030  temp.532
 5  2  4  4  1  4    61.32305 0.00030  temp.533
 5  2  4  4  1  4    61.65380 0.00030  temp.534
 5  3  3  4  2  3    62.46287 0.00030  temp.535
 5  3  3  4  2  3    62.77096 0.00030  temp.536
10  4  7  9  5  5    63.79377 0.00030  temp.537
10  4  7  9  5  5    64.03380 0.00030  temp.538
10  5  6  9  6  4    64.68788 0.00030  temp.539
 5  4  2  4  3  1    65.18038 0.00030  temp.540
 5  4  1  4  3  1    65.37500 0.00030  temp.541
 5  4  1  4  3  1    65.65378 0.00030  temp.542
 5  4  2  4  3  2    66.11811 0.00030  temp.543
 5  4  2  4  3  2    66.39588 0.00030  temp.544
 5  4  1  4  3  2    66.59085 0.00030  temp.545
 4  3  1  3  0  3    67.24207 0.00030  temp.546
 4  3  1  3  0  3    67.56202 0.00030  temp.547
 6  3  3  5  2  3    69.57936 0.00030  temp.548
 6  3  3  5  2  3    69.88395 0.00030  temp.549
11  6  6 10  7  4    70.05436 0.00030  temp.550
 9  4  5  8  5  3    70.49513 0.00030  temp.551
 6  2  4  5  1  4    70.61931 0.00030  temp.552
 9  4  5  8  5  3    70.74025 0.00030  temp.553
 6  2  4  5  1  4    70.93504 0.00030  temp.554
 5  5  0  4  4  0    71.24452 0.00030  temp.555
 5  5  1  4  4  1    71.27105 0.00030  temp.556
 9  3  6  8  4  4    71.33992 0.00030  temp.557
 5  5  1  4  4  0    71.39378 0.00030  temp.558
 5  5  0  4  4  0    71.54540 0.00030  temp.559
 5  5  1  4  4  1    71.57176 0.00030  temp.560
 9  3  6  8  4  4    71.60780 0.00030  temp.561
11  5  7 10  6  5    72.49793 0.00030  temp.562
 6  4  3  5  3  2    72.71171 0.00030  temp.563
10  5  5  9  6  3    72.88237 0.00030  temp.564
 6  1  5  5  0  5    73.04819 0.00030  temp.565
 6  1  5  5  0  5    73.38111 0.00030  temp.566
 6  2  5  5  1  5    73.42549 0.00030  temp.567
 6  3  4  5  2  4    73.60943 0.00030  temp.568
 6  2  5  5  1  5    73.75735 0.00030  temp.569
 6  3  4  5  2  4    73.91634 0.00030  temp.570
 6  4  2  5  3  2    73.94210 0.00030  temp.571
 6  4  2  5  3  2    74.22459 0.00030  temp.572
10  3  7  9  4  5    75.00734 0.00030  temp.573
10  3  7  9  4  5    75.26816 0.00030  temp.574
 6  4  3  5  3  3    76.02642 0.00030  temp.575
 6  4  3  5  3  3    76.30728 0.00030  temp.576
11  3  8 10  4  6    76.47923 0.00030  temp.577
11  3  8 10  4  6    76.72974 0.00030  temp.578
 6  4  2  5  3  3    77.53769 0.00030  temp.579
12  6  7 11  7  5    79.37689 0.00030  temp.580
 6  5  1  5  4  1    80.38376 0.00030  temp.581
 6  5  2  5  4  1    80.47793 0.00030  temp.582
 6  5  2  5  4  2    80.64956 0.00030  temp.583
 6  5  1  5  4  1    80.66641 0.00030  temp.584
 6  5  1  5  4  2    80.83765 0.00030  temp.585
 6  5  1  5  4  2    80.86119 0.00030  temp.586
 7  3  4  6  2  4    80.90354 0.00030  temp.587
 6  5  2  5  4  2    80.93160 0.00030  temp.588
 7  3  4  6  2  4    81.20224 0.00030  temp.589
10  4  6  9  5  4    81.31126 0.00030  temp.590
 7  4  3  6  3  3    82.73640 0.00030  temp.591
 7  4  3  6  3  3    83.01794 0.00030  temp.592
 7  2  5  6  1  5    83.66470 0.00030  temp.593
 7  2  5  6  1  5    83.97523 0.00030  temp.594
 7  3  5  6  2  5    85.25850 0.00030  temp.595
 7  1  6  6  0  6    85.54219 0.00030  temp.596
 7  3  5  6  2  5    85.56354 0.00030  temp.597
 7  2  6  6  1  6    85.67143 0.00030  temp.598
 7  1  6  6  0  6    85.87621 0.00030  temp.599
 6  6  0  5  5  0    85.95672 0.00030  temp.600
 7  2  6  6  1  6    86.00463 0.00030  temp.601
 6  6  1  5  5  1    86.24241 0.00030  temp.602
 7  4  4  6  3  4    86.43899 0.00030  temp.603
11  5  6 10  6  4    86.46046 0.00030  temp.604
 7  4  4  6  3  4    86.71814 0.00030  temp.605
11  4  7 10  5  5    89.11582 0.00030  temp.606
 7  5  2  6  4  2    89.44870 0.00030  temp.607
 7  5  3  6  4  3    90.13727 0.00030  temp.608
 7  5  3  6  4  3    90.38326 0.00030  temp.609
 7  5  2  6  4  3    90.69876 0.00030  temp.610
 8  4  4  7  3  4    92.48331 0.00030  temp.611
 8  4  4  7  3  4    92.76172 0.00030  temp.612
 8  3  5  7  2  5    93.41835 0.00030  temp.613
 8  3  5  7  2  5    93.70892 0.00030  temp.614
 7  6  1  6  5  1    95.18978 0.00030  temp.615
 7  6  2  6  5  2    95.23593 0.00030  temp.616
 7  6  2  6  5  1    95.33001 0.00030  temp.617
 7  6  1  6  5  2    95.38348 0.00030  temp.618
 7  6  1  6  5  1    95.47753 0.00030  temp.619
 7  6  2  6  5  2    95.52427 0.00030  temp.620
 8  5  4  7  4  3    96.10033 0.00030  temp.621
 8  2  6  7  1  6    96.55838 0.00030  temp.622
 8  2  6  7  1  6    96.86470 0.00030  temp.623
 8  3  6  7  2  6    97.25174 0.00030  temp.624
 8  4  5  7  3  5    97.41574 0.00030  temp.625
 8  5  3  7  4  3    97.53503 0.00030  temp.626
 8  3  6  7  2  6    97.55534 0.00030  temp.627
 8  4  5  7  3  5    97.69173 0.00030  temp.628
 8  5  3  7  4  3    97.78532 0.00030  temp.629
 8  1  7  7  0  7    97.92520 0.00030  temp.630
 8  2  7  7  1  7    97.96567 0.00030  temp.631
 8  1  7  7  0  7    98.26127 0.00030  temp.632
 8  2  7  7  1  7    98.30167 0.00030  temp.633
 8  5  4  7  4  4    99.92605 0.00030  temp.634
 8  5  4  7  4  4   100.17267 0.00030  temp.635
 7  7  0  6  6  0   100.57490 0.00030  temp.636
 7  7  1  6  6  1   100.57490 0.00030  temp.637
 7  7  0  6  6  0   100.83591 0.00030  temp.638
 7  7  1  6  6  1   100.83591 0.00030  temp.639
 8  5  3  7  4  4   101.60723 0.00030  temp.640
 9  4  5  8  3  5   103.52904 0.00030  temp.641
 9  4  5  8  3  5   103.79971 0.00030  temp.642
 8  6  2  7  5  2   104.20697 0.00030  temp.643
 8  6  3  7  5  2   104.29937 0.00030  temp.644
 8  6  2  7  5  2   104.48024 0.00030  temp.645
 8  6  3  7  5  3   104.56969 0.00030  temp.646
 8  6  2  7  5  3   104.74947 0.00030  temp.647
 8  6  3  7  5  3   104.84173 0.00030  temp.648
 9  5  4  8  4  4   105.94812 0.00030  temp.649
 9  5  4  8  4  4   106.19798 0.00030  temp.650
 9  3  6  8  2  6   106.58753 0.00030  temp.651
 9  3  6  8  2  6   106.86913 0.00030  temp.652
 9  4  6  8  3  6   108.90778 0.00030  temp.653
 9  2  7  8  1  7   109.16537 0.00030  temp.654
 9  4  6  8  3  6   109.18040 0.00030  temp.655
 9  3  7  8  2  7   109.42881 0.00030  temp.656
 9  2  7  8  1  7   109.46860 0.00030  temp.657
 9  3  7  8  2  7   109.73071 0.00030  temp.658
 8  7  1  7  6  1   109.82548 0.00030  temp.659
 8  7  2  7  6  2   109.83573 0.00030  temp.660
 8  7  1  7  6  1   110.08493 0.00030  temp.661
 8  7  2  7  6  2   110.09486 0.00030  temp.662
 9  5  5  8  4  5   110.17266 0.00030  temp.663
 9  1  8  8  0  8   110.25309 0.00030  temp.664
 9  2  8  8  1  8   110.26551 0.00030  temp.665
 9  5  5  8  4  5   110.41699 0.00030  temp.666
 9  1  8  8  0  8   110.59284 0.00030  temp.667
 9  6  4  8  5  3   112.50585 0.00030  temp.668
 9  6  3  8  5  3   112.90876 0.00030  temp.669
 7  4  3  6  1  5   112.91662 0.00030  temp.670
 9  6  3  8  5  3   113.12007 0.00030  temp.671
 9  6  4  8  5  4   114.17155 0.00030  temp.672
 9  6  3  8  5  4   114.57410 0.00030  temp.673
 8  8  0  7  7  0   115.09323 0.00030  temp.674
 8  8  1  7  7  1   115.09323 0.00030  temp.675
10  5  5  9  4  5   115.26060 0.00030  temp.676
 8  8  0  7  7  0   115.33310 0.00030  temp.677
 8  8  1  7  7  1   115.33310 0.00030  temp.678
10  5  5  9  4  5   115.50765 0.00030  temp.679
 7  5  2  6  2  4   115.89017 0.00030  temp.680
10  4  6  9  3  6   115.90071 0.00030  temp.681
 9  7  2  8  6  2   118.97972 0.00030  temp.682
 9  7  3  8  6  3   119.03061 0.00030  temp.683
 9  7  3  8  6  2   119.12297 0.00030  temp.684
 9  7  2  8  6  3   119.20717 0.00030  temp.685
 9  7  2  8  6  2   119.26346 0.00030  temp.686
 9  7  3  8  6  3   119.31403 0.00030  temp.687
10  6  5  9  5  4   119.48452 0.00030  temp.688
10  3  7  9  2  7   119.67598 0.00030  temp.689
10  3  7  9  2  7   119.94955 0.00030  temp.690
10  4  7  9  3  7   120.77995 0.00030  temp.691
10  5  6  9  4  6   120.96416 0.00030  temp.692
10  6  4  9  5  4   121.03173 0.00030  temp.693
10  4  7  9  3  7   121.04910 0.00030  temp.694
10  5  6  9  4  6   121.20483 0.00030  temp.695
10  6  4  9  5  4   121.24575 0.00030  temp.696
10  2  8  9  1  8   121.58317 0.00030  temp.697
10  3  8  9  2  8   121.67529 0.00030  temp.698
10  2  8  9  1  8   121.88564 0.00030  temp.699
10  3  8  9  2  8   121.97665 0.00030  temp.700
10  1  9  9  0  9   122.55084 0.00030  temp.701
10  2  9  9  1  9   122.55084 0.00030  temp.702
10  1  9  9  0  9   122.89756 0.00030  temp.703
10  2  9  9  1  9   122.89756 0.00030  temp.704
10  6  5  9  5  5   123.60773 0.00030  temp.705
10  6  5  9  5  5   123.81654 0.00030  temp.706
 9  8  1  8  7  1   124.34183 0.00030  temp.707
 9  8  2  8  7  2   124.34183 0.00030  temp.708
 9  8  1  8  7  1   124.57888 0.00030  temp.709
 9  8  2  8  7  2   124.57888 0.00030  temp.710
10  6  4  9  5  5   125.36386 0.00030  temp.711
11  5  6 10  4  6   125.94121 0.00030  temp.712
11  5  6 10  4  6   126.18056 0.00030  temp.713
 8  5  3  7  2  5   126.47660 0.00030  temp.714
 8  5  3  7  2  5   126.74278 0.00030  temp.715
10  7  4  9  6  3   127.97535 0.00030  temp.716
10  7  3  9  6  3   128.13157 0.00030  temp.717
10  7  4  9  6  4   128.30364 0.00030  temp.718
10  7  3  9  6  4   128.45881 0.00030  temp.719
10  7  4  9  6  4   128.56799 0.00030  temp.720
11  6  5 10  5  5   129.07723 0.00030  temp.721
11  4  7 10  3  7   129.12064 0.00030  temp.722
11  6  5 10  5  5   129.29191 0.00030  temp.723
11  4  7 10  3  7   129.36967 0.00030  temp.724
 9  9  0  8  8  0   129.50189 0.00030  temp.725
 9  9  1  8  8  1   129.50189 0.00030  temp.726
 9  9  0  8  8  0   129.71967 0.00030  temp.727
 9  9  1  8  8  1   129.71967 0.00030  temp.728
11  5  7 10  4  7   132.28024 0.00030  temp.729
11  3  8 10  2  8   132.41586 0.00030  temp.730
11  5  7 10  4  7   132.51643 0.00030  temp.731
11  3  8 10  2  8   132.68319 0.00030  temp.732
11  4  8 10  3  8   132.87250 0.00030  temp.733
11  4  8 10  3  8   133.13779 0.00030  temp.734
10  8  2  9  7  2   133.52505 0.00030  temp.735
10  8  3  9  7  3   133.53803 0.00030  temp.736
10  8  3  9  7  2   133.64574 0.00030  temp.737
10  8  2  9  7  3   133.65277 0.00030  temp.738
10  8  2  9  7  3   133.66507 0.00030  temp.739
11  6  6 10  5  6   133.66974 0.00030  temp.740
10  8  2  9  7  2   133.76070 0.00030  temp.741
10  8  3  9  7  3   133.77382 0.00030  temp.742
11  2  9 10  1  9   133.90094 0.00030  temp.743
11  3  9 10  2  9   133.93107 0.00030  temp.744
11  2  9 10  1  9   134.20257 0.00030  temp.745
11  3  9 10  2  9   134.23254 0.00030  temp.746
11  1 10 10  0 10   134.82490 0.00030  temp.747
11  2 10 10  1 10   134.82490 0.00030  temp.748
11  1 10 10  0 10   135.17560 0.00030  temp.749
11  2 10 10  1 10   135.17560 0.00030  temp.750
11  7  4 10  6  4   136.46866 0.00030  temp.751
11  7  4 10  6  4   136.64166 0.00030  temp.752
11  7  5 10  6  5   137.57920 0.00030  temp.753
11  7  5 10  6  5   137.75016 0.00030  temp.754
12  6  6 11  5  6   137.91462 0.00030  temp.755
12  5  7 11  4  7   138.07246 0.00030  temp.756
12  6  6 11  5  6   138.12729 0.00030  temp.757
12  5  7 11  4  7   138.30095 0.00030  temp.758
10  9  1  9  8  1   138.73920 0.00030  temp.759
10  9  2  9  8  2   138.73920 0.00030  temp.760
10  9  1  9  8  1   138.95457 0.00030  temp.761
10  9  2  9  8  2   138.95457 0.00030  temp.762
 9  5  4  8  2  6   141.45825 0.00030  temp.763
12  4  8 11  3  8   142.38430 0.00030  temp.764
11  8  3 10  7  3   142.58537 0.00030  temp.765
12  4  8 11  3  8   142.62162 0.00030  temp.766
11  8  4 10  7  4   142.62898 0.00030  temp.767
11  8  4 10  7  3   142.73798 0.00030  temp.768
11  8  3 10  7  4   142.75958 0.00030  temp.769
11  8  4 10  7  4   142.91206 0.00030  temp.770
10 10  0  9  9  0   143.78775 0.00030  temp.771
10 10  1  9  9  1   143.78775 0.00030  temp.772
10 10  0  9  9  0   143.98349 0.00030  temp.773
10 10  1  9  9  1   143.98349 0.00030  temp.774
12  5  8 11  4  8   144.00874 0.00030  temp.775
12  5  8 11  4  8   144.23949 0.00030  temp.776
12  6  7 11  5  7   144.25604 0.00030  temp.777
12  7  5 11  6  5   144.40793 0.00030  temp.778
12  6  7 11  5  7   144.45834 0.00030  temp.779
12  7  5 11  6  5   144.58424 0.00030  temp.780
12  3  9 11  2  9   144.88529 0.00030  temp.781
12  4  9 11  3  9   145.05761 0.00030  temp.782
12  3  9 11  2  9   145.14766 0.00030  temp.783
12  4  9 11  3  9   145.31930 0.00030  temp.784
12  2 10 11  1 10   146.16095 0.00030  temp.785
12  3 10 11  2 10   146.17054 0.00030  temp.786
12  2 10 11  1 10   146.46378 0.00030  temp.787
12  3 10 11  2 10   146.47345 0.00030  temp.788
12  7  6 11  6  6   147.06421 0.00030  temp.789
12  1 11 11  0 11   147.07825 0.00030  temp.790
12  2 11 11  1 11   147.07825 0.00030  temp.791
12  7  6 11  6  6   147.23393 0.00030  temp.792
12  1 11 11  0 11   147.43638 0.00030  temp.793
12  2 11 11  1 11   147.43638 0.00030  temp.794
11  9  3 10  8  3   147.92368 0.00030  temp.795
11  9  2 10  8  2   147.92368 0.00030  temp.796
11  9  2 10  8  2   148.13490 0.00030  temp.797
11  9  3 10  8  3   148.13490 0.00030  temp.798
13  6  7 12  5  7   148.14655 0.00030  temp.799
13  6  7 12  5  7   148.35288 0.00030  temp.800
13  5  8 12  4  8   151.25408 0.00030  temp.801
12  8  4 11  7  4   151.34303 0.00030  temp.802
12  8  5 11  7  4   151.47003 0.00030  temp.803
13  5  8 12  4  8   151.47003 0.00030  temp.804
12  8  4 11  7  4   151.59592 0.00030  temp.805
12  8  5 11  7  5   151.82984 0.00030  temp.806
12  8  4 11  7  5   151.95274 0.00030  temp.807
12  8  5 11  7  5   152.08085 0.00030  temp.808
13  7  6 12  6  6   152.11166 0.00030  temp.809
13  7  6 12  6  6   152.28935 0.00030  temp.810
11 10  1 10  9  1   153.01256 0.00030  temp.811
11 10  2 10  9  2   153.01256 0.00030  temp.812
11 10  1 10  9  1   153.20503 0.00030  temp.813
11 10  2 10  9  2   153.20503 0.00030  temp.814
13  4  9 12  3  9   155.27022 0.00030  temp.815
13  6  8 12  5  8   155.37236 0.00030  temp.816
13  4  9 12  3  9   155.49864 0.00030  temp.817
13  6  8 12  5  8   155.56931 0.00030  temp.818
10  6  4  9  3  6   155.62151 0.00030  temp.819
13  5  9 12  4  9   155.99407 0.00030  temp.820
13  5  9 12  4  9   156.21878 0.00030  temp.821
13  7  7 12  6  7   156.92470 0.00030  temp.822
12  9  3 11  8  3   157.02259 0.00030  temp.823
12  9  4 11  8  4   157.03667 0.00030  temp.824
13  7  7 12  6  7   157.09200 0.00030  temp.825
12  9  3 11  8  3   157.23470 0.00030  temp.826
12  9  4 11  8  4   157.24873 0.00030  temp.827
13  4 10 12  3 10   157.25879 0.00030  temp.828
13  3 10 12  2 10   157.45651 0.00030  temp.829
13  4 10 12  3 10   157.51749 0.00030  temp.830
11 11  0 10 10  0   157.94150 0.00030  temp.831
11 11  1 10 10  1   157.94150 0.00030  temp.832
11 11  0 10 10  0   158.11464 0.00030  temp.833
11 11  1 10 10  1   158.11464 0.00030  temp.834
13  2 11 12  1 11   158.38348 0.00030  temp.835
13  3 11 12  2 11   158.38348 0.00030  temp.836
13  2 11 12  1 11   158.68681 0.00030  temp.837
13  3 11 12  2 11   158.68681 0.00030  temp.838
13  1 12 12  0 12   159.31218 0.00030  temp.839
13  2 12 12  1 12   159.31218 0.00030  temp.840
13  1 12 12  0 12   159.67859 0.00030  temp.841
13  2 12 12  1 12   159.67859 0.00030  temp.842
13  8  5 12  7  5   159.85269 0.00030  temp.843
14  6  8 13  5  8   159.93606 0.00030  temp.844
13  8  5 12  7  5   159.98772 0.00030  temp.845
14  6  8 13  5  8   160.13107 0.00030  temp.846
14  7  7 13  6  7   160.44779 0.00030  temp.847
13  8  6 12  7  6   160.97104 0.00030  temp.848
13  8  6 12  7  6   161.10335 0.00030  temp.849
12 10  2 11  9  2   162.18489 0.00030  temp.850
12 10  3 11  9  3   162.18489 0.00030  temp.851
12 10  2 11  9  2   162.37445 0.00030  temp.852
12 10  3 11  9  3   162.37445 0.00030  temp.853
14  5  9 13  4  9   164.65401 0.00030  temp.854
14  5  9 13  4  9   164.85524 0.00030  temp.855
13  9  4 12  8  4   165.97913 0.00030  temp.856
13  9  5 12  8  5   166.01275 0.00030  temp.857
13  9  4 12  8  5   166.13074 0.00030  temp.858
13  9  5 12  8  4   166.14062 0.00030  temp.859
13  9  4 12  8  4   166.25854 0.00030  temp.860
13  9  5 12  8  5   166.29154 0.00030  temp.861
14  6  9 13  5  9   166.92825 0.00030  temp.862
14  6  9 13  5  9   167.11887 0.00030  temp.863
12 11  1 11 10  1   167.15024 0.00030  temp.864
12 11  2 11 10  2   167.15024 0.00030  temp.865
14  7  8 13  6  8   167.28358 0.00030  temp.866
12 11  1 11 10  1   167.32125 0.00030  temp.867
12 11  2 11 10  2   167.32125 0.00030  temp.868
14  8  6 13  7  6   167.63751 0.00030  temp.869
14  8  6 13  7  6   167.77579 0.00030  temp.870
14  4 10 13  3 10   167.80464 0.00030  temp.871
14  4 10 13  3 10   168.02559 0.00030  temp.872
14  5 10 13  4 10   168.09769 0.00030  temp.873
14  5 10 13  4 10   168.31695 0.00030  temp.874
14  3 11 13  2 11   169.41880 0.00030  temp.875
14  4 11 13  3 11   169.43977 0.00030  temp.876
14  3 11 13  2 11   169.67534 0.00030  temp.877
14  4 11 13  3 11   169.69632 0.00030  temp.878
15  7  8 14  6  8   170.15438 0.00030  temp.879
14  8  7 13  7  7   170.28155 0.00030  temp.880
15  7  8 14  6  8   170.32684 0.00030  temp.881
14  8  7 13  7  7   170.41332 0.00030  temp.882
14  2 12 13  1 12   170.57006 0.00030  temp.883
14  3 12 13  2 12   170.57006 0.00030  temp.884
14  2 12 13  1 12   170.87757 0.00030  temp.885
14  3 12 13  2 12   170.87757 0.00030  temp.886
13 10  3 12  9  3   171.28865 0.00030  temp.887
13 10  4 12  9  4   171.28865 0.00030  temp.888
13 10  3 12  9  3   171.47411 0.00030  temp.889
13 10  4 12  9  4   171.47411 0.00030  temp.890
14  1 13 13  0 13   171.52498 0.00030  temp.891
14  2 13 13  1 13   171.52498 0.00030  temp.892
14  1 13 13  0 13   171.90222 0.00030  temp.893
14  2 13 13  1 13   171.90222 0.00030  temp.894
12 12  0 11 11  0   171.95133 0.00030  temp.895
12 12  1 11 11  1   171.95133 0.00030  temp.896
12 12  0 11 11  0   172.10309 0.00030  temp.897
12 12  1 11 11  1   172.10309 0.00030  temp.898
15  6  9 14  5  9   172.97655 0.00030  temp.899
15  6  9 14  5  9   173.15735 0.00030  temp.900
14  9  5 13  8  5   174.61447 0.00030  temp.901
14  9  6 13  8  5   174.75600 0.00030  temp.902
14  9  5 13  8  5   174.84892 0.00030  temp.903
15  8  7 14  7  7   175.03590 0.00030  temp.904
14  9  6 13  8  6   175.12218 0.00030  temp.905
15  8  7 14  7  7   175.17721 0.00030  temp.906
14  9  5 13  8  6   175.21420 0.00030  temp.907
14  9  6 13  8  6   175.35572 0.00030  temp.908
13 11  2 12 10  2   176.30797 0.00030  temp.909
13 11  3 12 10  3   176.30797 0.00030  temp.910
13 11  2 12 10  2   176.47586 0.00030  temp.911
13 11  3 12 10  3   176.47586 0.00030  temp.912
15  5 10 14  4 10   177.69376 0.00030  temp.913
15  5 10 14  4 10   177.88340 0.00030  temp.914
15  7  9 14  6  9   178.17222 0.00030  temp.915
15  7  9 14  6  9   178.33087 0.00030  temp.916
15  6 10 14  5 10   178.77752 0.00030  temp.917
15  6 10 14  5 10   178.96147 0.00030  temp.918
15  8  8 14  7  8   179.92479 0.00030  temp.919
15  8  8 14  7  8   180.05471 0.00030  temp.920
15  4 11 14  3 11   180.11678 0.00030  temp.921
15  5 11 14  4 11   180.22829 0.00030  temp.922
14 10  4 13  9  4   180.29156 0.00030  temp.923
14 10  5 13  9  5   180.30424 0.00030  temp.924
15  4 11 14  3 11   180.33205 0.00030  temp.925
15  5 11 14  4 11   180.44254 0.00030  temp.926
14 10  4 13  9  4   180.48065 0.00030  temp.927
14 10  5 13  9  5   180.49333 0.00030  temp.928
13 12  1 12 11  1   181.14342 0.00030  temp.929
13 12  2 12 11  2   181.14342 0.00030  temp.930
13 12  1 12 11  1   181.29313 0.00030  temp.931
13 12  2 12 11  2   181.29313 0.00030  temp.932
15  3 12 14  2 12   181.58011 0.00030  temp.933
15  4 12 14  3 12   181.58666 0.00030  temp.934
15  3 12 14  2 12   181.83533 0.00030  temp.935
15  4 12 14  3 12   181.84214 0.00030  temp.936
15  2 13 14  1 13   182.72822 0.00030  temp.937
15  3 13 14  2 13   182.72822 0.00030  temp.938
16  8  8 15  7  8   182.86433 0.00030  temp.939
15  9  6 14  8  6   183.03394 0.00030  temp.940
15  2 13 14  1 13   183.03956 0.00030  temp.941
15  3 13 14  2 13   183.03956 0.00030  temp.942
15  9  6 14  8  6   183.13273 0.00030  temp.943
15  1 14 14  0 14   183.71864 0.00030  temp.944
15  2 14 14  1 14   183.71864 0.00030  temp.945
15  1 14 14  0 14   184.10588 0.00030  temp.946
15  2 14 14  1 14   184.10588 0.00030  temp.947
15  9  7 14  8  7   184.11949 0.00030  temp.948
15  9  7 14  8  7   184.21681 0.00030  temp.949
14 11  3 13 10  3   185.39961 0.00030  temp.950
14 11  4 13 10  4   185.39961 0.00030  temp.951
14 11  3 13 10  3   185.56489 0.00030  temp.952
14 11  4 13 10  4   185.56489 0.00030  temp.953
13 13  0 12 12  0   185.80792 0.00030  temp.954
13 13  1 12 12  1   185.80792 0.00030  temp.955
13 13  0 12 12  0   185.94017 0.00030  temp.956
13 13  1 12 12  1   185.94017 0.00030  temp.957
16  6 10 15  5 10   186.45516 0.00030  temp.958
16  6 10 15  5 10   186.62107 0.00030  temp.959
15 10  6 14  9  6   189.16137 0.00030  temp.960
15 10  5 14  9  6   189.26475 0.00030  temp.961
15 10  6 14  9  5   189.30302 0.00030  temp.962
15 10  5 14  9  6   189.34908 0.00030  temp.963
15 10  5 14  9  5   189.40607 0.00030  temp.964
15 10  6 14  9  6   189.43006 0.00030  temp.965
16  7 10 15  6 10   189.52481 0.00030  temp.966
16  7 10 15  6 10   189.67667 0.00030  temp.967
16  8  9 15  7  9   190.16197 0.00030  temp.968
14 12  2 13 11  2   190.28359 0.00030  temp.969
14 12  3 13 11  3   190.28359 0.00030  temp.970
16  5 11 15  4 11   190.30893 0.00030  temp.971
14 12  2 13 11  2   190.43084 0.00030  temp.972
14 12  3 13 11  3   190.43084 0.00030  temp.973
16  9  7 15  8  7   190.69142 0.00030  temp.974
16  6 11 15  5 11   190.77558 0.00030  temp.975
16  6 11 15  5 11   190.95334 0.00030  temp.976
17  8  9 16  7  9   192.11826 0.00030  temp.977
16  4 12 15  3 12   192.29765 0.00030  temp.978
16  5 12 15  4 12   192.33785 0.00030  temp.979
16  4 12 15  3 12   192.50768 0.00030  temp.980
16  5 12 15  4 12   192.54811 0.00030  temp.981
16  9  8 15  8  8   193.34138 0.00030  temp.982
16  3 13 15  2 13   193.69470 0.00030  temp.983
16  4 13 15  3 13   193.69470 0.00030  temp.984
16  3 13 15  2 13   193.94998 0.00030  temp.985
16  4 13 15  3 13   193.94998 0.00030  temp.986
15 11  4 14 10  4   194.40959 0.00030  temp.987
15 11  5 14 10  5   194.40959 0.00030  temp.988
17  7 10 16  6 10   194.43011 0.00030  temp.989
15 11  4 14 10  4   194.57005 0.00030  temp.990
16  2 14 15  1 14   194.85727 0.00030  temp.991
16  3 14 15  2 14   194.85727 0.00030  temp.992
14 13  1 13 12  1   194.98268 0.00030  temp.993
14 13  2 13 12  2   194.98268 0.00030  temp.994
14 13  1 13 12  1   195.11281 0.00030  temp.995
14 13  2 13 12  2   195.11281 0.00030  temp.996
16  2 14 15  1 14   195.17366 0.00030  temp.997
16  3 14 15  2 14   195.17366 0.00030  temp.998
16  1 15 15  0 15   195.88972 0.00030  temp.999
16  2 15 15  1 15   195.88972 0.00030 temp.1000
16  1 15 15  0 15   196.28996 0.00030 temp.1001
16  2 15 15  1 15   196.28996 0.00030 temp.1002
16 10  7 15  9  6   197.80460 0.00030 temp.1003
16 10  6 15  9  6   197.86735 0.00030 temp.1004
17  9  8 16  8  8   197.93878 0.00030 temp.1005
16 10  6 15  9  7   198.22409 0.00030 temp.1006
15 12  3 14 11  3   199.35932 0.00030 temp.1007
15 12  4 14 11  4   199.35932 0.00030 temp.1008
14 14  0 13 13  0   199.50381 0.00030 temp.1009
14 14  1 13 13  1   199.50381 0.00030 temp.1010
15 12  3 14 11  3   199.50381 0.00030 temp.1011
15 12  4 14 11  4   199.50381 0.00030 temp.1012
14 14  0 13 13  0   199.61751 0.00030 temp.1013
14 14  1 13 13  1   199.61751 0.00030 temp.1014
17  6 11 16  5 11   199.79972 0.00030 temp.1015
17  8 10 16  7 10   200.66988 0.00030 temp.1016
17  8 10 16  7 10   200.79242 0.00030 temp.1017
17  7 11 16  6 11   201.20717 0.00030 temp.1018
17  5 12 16  4 12   202.80107 0.00030 temp.1019
17  6 12 16  5 12   202.98821 0.00030 temp.1020
16 11  5 15 10  5   203.30748 0.00030 temp.1021
16 11  5 15 10  5   203.47439 0.00030 temp.1022
16 11  6 15 10  6   203.48370 0.00030 temp.1023
15 13  2 14 12  2   204.10339 0.00030 temp.1024
15 13  3 14 12  3   204.10339 0.00030 temp.1025
15 13  2 14 12  2   204.23099 0.00030 temp.1026
15 13  3 14 12  3   204.23099 0.00030 temp.1027
17  4 13 16  3 13   204.39332 0.00030 temp.1028
17  5 13 16  4 13   204.40749 0.00030 temp.1029
17  4 13 16  3 13   204.59858 0.00030 temp.1030
17  3 14 16  2 14   205.76743 0.00030 temp.1031
17  4 14 16  3 14   205.76743 0.00030 temp.1032
17  3 14 16  2 14   206.02218 0.00030 temp.1033
17  4 14 16  3 14   206.02218 0.00030 temp.1034
17  2 15 16  1 15   206.95767 0.00030 temp.1035
17  3 15 16  2 15   206.95767 0.00030 temp.1036
17 10  8 16  9  8   207.00603 0.00030 temp.1037
17  1 16 16  0 16   208.03840 0.00030 temp.1038
17  2 16 16  1 16   208.03840 0.00030 temp.1039
16 12  4 15 11  4   208.35744 0.00030 temp.1040
16 12  5 15 11  5   208.35744 0.00030 temp.1041
16 12  4 15 11  4   208.49948 0.00030 temp.1042
16 12  5 15 11  5   208.49948 0.00030 temp.1043
15 14  1 14 13  1   208.65950 0.00030 temp.1044
15 14  2 14 13  2   208.65950 0.00030 temp.1045
15 14  1 14 13  1   208.77155 0.00030 temp.1046
15 14  2 14 13  2   208.77155 0.00030 temp.1047
18  6 12 17  5 12   212.36009 0.00030 temp.1048
15 15  0 14 14  0   213.03174 0.00030 temp.1049
15 15  1 14 14  1   213.03174 0.00030 temp.1050
15 15  0 14 14  0   213.12858 0.00030 temp.1051
15 15  1 14 14  1   213.12858 0.00030 temp.1052
16 13  3 15 12  3   213.15979 0.00030 temp.1053
16 13  4 15 12  4   213.15979 0.00030 temp.1054
16 13  3 15 12  3   213.28565 0.00030 temp.1055
16 13  4 15 12  4   213.28565 0.00030 temp.1056
18 10  9 17  9  9   216.00302 0.00030 temp.1057
17 12  5 16 11  5   217.40117 0.00030 temp.1058
17 12  6 16 11  6   217.40117 0.00030 temp.1059
16 14  2 15 13  2   217.75914 0.00030 temp.1060
16 14  3 15 13  3   217.75914 0.00030 temp.1061
18  3 15 17  2 15   217.80197 0.00030 temp.1062
18  4 15 17  3 15   217.80197 0.00030 temp.1063
16 14  2 15 13  2   217.86899 0.00030 temp.1064
16 14  3 15 13  3   217.86899 0.00030 temp.1065
18  3 15 17  2 15   218.05661 0.00030 temp.1066
18  4 15 17  3 15   218.05661 0.00030 temp.1067
18  2 16 17  1 16   219.02903 0.00030 temp.1068
18  3 16 17  2 16   219.02903 0.00030 temp.1069
18  2 16 17  1 16   219.35744 0.00030 temp.1070
18  3 16 17  2 16   219.35744 0.00030 temp.1071
 8  7  1  8  6  3 1040478.721   0.010 temp.1072
 8  7  1  8  6  3 1040478.983   0.010 temp.1073
 8  7  1  8  6  3 1040478.983   0.010 temp.1074
 8  7  2  8  6  2 1046899.292   0.010 temp.1075
 8  7  2  8  6  2 1046899.555   0.010 temp.1076
 8  7  2  8  6  2 1046899.555   0.010 temp.1077
 3  1  2  2  0  2 1047377.433   0.003 temp.1078
 3  1  2  2  0  2 1047378.720   0.003 temp.1079
 3  1  2  2  0  2 1047379.376   0.003 temp.1080
 3  1  2  2  0  2 1057460.580   0.003 temp.1081
 3  1  2  2  0  2 1057461.877   0.003 temp.1082
 3  1  2  2  0  2 1057462.528   0.003 temp.1083
 3  2  1  2  1  1 1081970.510   0.020 temp.1084
 3  2  2  2  1  2 1145319.366   0.005 temp.1085
 3  2  2  2  1  2 1145319.366   0.005 temp.1086
 3  2  2  2  1  2 1145320.601   0.005 temp.1087
 3  2  2  2  1  2 1145320.601   0.005 temp.1088
 3  2  2  2  1  2 1145320.601   0.005 temp.1089
 3  2  2  2  1  2 1145321.261   0.005 temp.1090
 4  1  3  3  0  3 1423478.208   0.100 temp.1091
 4  2  3  3  1  3 1494497.013   0.100 temp.1092
 4  3  1  3  2  1 1516417.420   0.100 temp.1093
 4  3  2  3  2  2 1556001.231   0.100 temp.1094
 4  3  2  3  2  2 1565266.438   0.100 temp.1095
 8  7  2  8  6  2 1046899.291   0.010 temp.1096
 7  7  1  7  6  1 1052232.475   0.010 temp.1097
 7  7  1  7  6  1 1052232.857   0.010 temp.1098
 7  7  1  7  6  1 1052232.857   0.010 temp.1099
 7  7  1  7  6  1 1060044.392   0.100 temp.1100
 7  7  0  7  6  2 1060418.609   0.100 temp.1101
 7  7  0  7  6  2 1060418.350   0.010 temp.1102
 7  7  0  7  6  2 1060418.756   0.010 temp.1103
 7  7  0  7  6  2 1060418.756   0.010 temp.1104
11  1 10 10  2  8 1494057.993   0.100 temp.1105
12 10  2 12  9  4 1496892.545   0.100 temp.1106
 8  4  5  7  5  3 1499881.311   0.100 temp.1107
12 10  3 12  9  3 1502438.292   0.100 temp.1108
 8  3  5  8  2  7 1502975.930   0.100 temp.1109
 4  3  1  3  2  1 1507145.603   0.100 temp.1110
11 10  2 11  9  2 1508199.596   0.100 temp.1111
11 10  1 11  9  3 1508214.867   0.100 temp.1112
 8  3  5  8  2  7 1511975.874   0.100 temp.1113
11 10  2 11  9  2 1513931.361   0.200 temp.1114
11 10  1 11  9  3 1513946.555   0.100 temp.1115
 9  6  3  8  7  1 1514668.833   0.100 temp.1116
10 10  1 10  9  1 1516375.861   0.100 temp.1117
10 10  0 10  9  2 1516375.861   0.100 temp.1118
10 10  1 10  9  1 1522186.365   0.100 temp.1119
10 10  0 10  9  2 1522186.365   0.100 temp.1120
 9  7  2  9  6  4 1035279.646   0.010 temp.1121
 9  7  2  9  6  4 1035279.863   0.010 temp.1122
 9  7  2  9  6  4 1035279.863   0.010 temp.1123
 2  2  0  1  1  0  795582.168   0.005 temp.1124
 4  3  1  4  2  3  522354.608   0.005 temp.1125
 4  3  1  4  2  3  522355.734   0.005 temp.1126
 4  3  1  4  2  3  522356.023   0.005 temp.1127
 4  3  1  4  2  3  522355.720   0.005 temp.1128
 4  3  1  4  2  3  522355.720   0.005 temp.1129
 4  3  1  4  2  3  522355.720   0.005 temp.1130
 4  3  1  4  2  3  522355.720   0.005 temp.1131
 4  3  1  4  2  3  522355.756   0.010 temp.1132
 4  3  1  4  2  3  522355.756   0.010 temp.1133
 4  3  1  4  2  3  522355.756   0.010 temp.1134
 4  3  1  4  2  3  522355.756   0.010 temp.1135
 3  3  0  3  2  2  442398.333   0.005 temp.1136
 3  3  0  3  2  2  442398.333   0.005 temp.1137
 3  3  0  3  2  2  442398.333   0.005 temp.1138
 3  3  0  3  2  2  442398.333   0.005 temp.1139
 1  1  0  0  0  0 388650.8864  0.0020 temp.1140
 1  1  0  0  0  0 388650.8864  0.0020 temp.1141
 1  1  0  0  0  0 388650.9184  0.0020 temp.1142
 1  1  0  0  0  0 388650.9184  0.0020 temp.1143
 1  1  0  0  0  0 388650.9184  0.0020 temp.1144
 1  1  0  0  0  0 388650.9184  0.0020 temp.1145
 1  1  0  0  0  0 388650.9184  0.0020 temp.1146
 1  1  0  0  0  0 388650.9184  0.0020 temp.1147
 1  1  0  0  0  0 388650.9184  0.0020 temp.1148
 1  1  0  0  0  0 388650.9430  0.0020 temp.1149
 1  1  0  0  0  0 388650.9430  0.0020 temp.1150
 1  1  0  0  0  0 388650.9430  0.0020 temp.1151
 1  1  0  0  0  0 388650.9430  0.0020 temp.1152
 1  1  0  0  0  0 388650.9430  0.0020 temp.1153
 1  1  0  0  0  0 388650.9430  0.0020 temp.1154
 1  1  0  0  0  0 388650.9430  0.0020 temp.1155
 1  1  0  0  0  0 388652.0562  0.0020 temp.1156
 1  1  0  0  0  0 388652.0562  0.0020 temp.1157
 1  1  0  0  0  0 388652.0562  0.0020 temp.1158
 1  1  0  0  0  0 388652.0562  0.0020 temp.1159
 1  1  0  0  0  0 388652.0562  0.0020 temp.1160
 1  1  0  0  0  0 388652.0562  0.0020 temp.1161
 1  1  0  0  0  0 388652.0847  0.0020 temp.1162
 1  1  0  0  0  0 388652.0847  0.0020 temp.1163
 1  1  0  0  0  0 388652.1107  0.0020 temp.1164
 1  1  0  0  0  0 388652.1107  0.0020 temp.1165
 1  1  0  0  0  0 388652.1107  0.0020 temp.1166
 1  1  0  0  0  0 388652.1107  0.0020 temp.1167
 1  1  0  0  0  0 388652.1107  0.0020 temp.1168
 1  1  0  0  0  0 388652.1107  0.0020 temp.1169
 1  1  0  0  0  0 388652.1107  0.0020 temp.1170
 1  1  0  0  0  0 388652.1107  0.0020 temp.1171
 1  1  0  0  0  0 388652.1107  0.0020 temp.1172
 1  1  0  0  0  0 388653.8003  0.0020 temp.1173
 1  1  0  0  0  0 388653.8003  0.0020 temp.1174
 1  1  0  0  0  0 388653.8003  0.0020 temp.1175
 1  1  0  0  0  0 388653.8003  0.0020 temp.1176
 1  1  0  0  0  0 388653.8003  0.0020 temp.1177
 1  1  0  0  0  0 388653.8003  0.0020 temp.1178
 1  1  0  0  0  0 388653.8003  0.0020 temp.1179
 1  1  0  0  0  0 388653.8003  0.0020 temp.1180
 1  1  0  0  0  0 388653.8003  0.0020 temp.1181
 1  1  0  0  0  0 388650.9292  0.0020 temp.1182
 1  1  0  0  0  0 388652.0887  0.0020 temp.1183
 1  1  0  0  0  0 388653.8028  0.0020 temp.1184
 1  1  0  0  0  0 388651.5080  0.0020 temp.1185
 1  1  0  0  0  0 388651.5080  0.0020 temp.1186
 1  1  0  0  0  0 388652.9445  0.0020 temp.1187
 1  1  0  0  0  0 388652.9445  0.0020 temp.1188
 4  3  2  4  2  2 296688.2760   0.005 temp.1189
 4  3  2  4  2  2 296688.2760   0.005 temp.1190
 4  3  2  4  2  2 296688.4690   0.005 temp.1191
 1  1  1  0  0  0 335513.7204   0.005 temp.1192
 1  1  1  0  0  0 335514.2508   0.005 temp.1193
 1  1  1  0  0  0 335513.9837   0.005 temp.1194
 1  1  1  0  0  0 335513.9837   0.005 temp.1195
 1  1  0  0  0  0 378499.4647   0.002 temp.1196
 1  1  0  0  0  0 378500.6156   0.002 temp.1197
 1  1  0  0  0  0 378502.3149   0.002 temp.1198
 1  1  0  0  0  0 378500.0409   0.002 temp.1199
 1  1  0  0  0  0 378500.0409   0.002 temp.1200
 1  1  0  0  0  0 378501.4667   0.002 temp.1201
 1  1  0  0  0  0 378501.4667   0.002 temp.1202
 1  1  0  0  0  0  378500.597   0.005 temp.1203
 1  1  0  0  0  0  378500.597   0.005 temp.1204
 1  1  0  0  0  0  378500.597   0.005 temp.1205
 1  1  0  0  0  0  378500.597   0.005 temp.1206
 1  1  0  0  0  0  378500.614   0.005 temp.1207
 1  1  0  0  0  0  378500.633   0.005 temp.1208
 1  1  0  0  0  0  378500.633   0.005 temp.1209
 1  1  0  0  0  0  378500.633   0.005 temp.1210
 1  1  0  0  0  0  378500.633   0.005 temp.1211
 1  1  0  0  0  0  378500.633   0.005 temp.1212
 1  1  0  0  0  0  378500.633   0.005 temp.1213
 1  1  0  0  0  0  378500.633   0.005 temp.1214
 1  1  0  0  0  0  378500.633   0.005 temp.1215
 1  1  0  0  0  0  378500.633   0.005 temp.1216
 1  1  0  0  0  0 378499.4480   0.005 temp.1217
 1  1  0  0  0  0 378499.4480   0.005 temp.1218
 1  1  0  0  0  0 378499.4480   0.005 temp.1219
 1  1  0  0  0  0 378499.4480   0.005 temp.1220
 1  1  0  0  0  0 378499.4480   0.005 temp.1221
 1  1  0  0  0  0 378499.4647   0.005 temp.1222
 1  1  0  0  0  0 378499.4647   0.005 temp.1223
 4  2  2  3  1  2   46.537912 0.00005 temp.1224
 4  1  3  3  0  3   47.816738 0.00005 temp.1225
 4  2  3  3  1  3   49.521095 0.00005 temp.1226
 4  2  3  3  1  3   49.851168 0.00005 temp.1227
 4  3  2  3  2  2   51.902579 0.00005 temp.1228
 4  3  2  3  2  2   52.211638 0.00005 temp.1229
 4  4  0  3  3  0   56.420286 0.00005 temp.1230
 4  4  1  3  3  0   56.582409 0.00005 temp.1231
 4  4  0  3  3  1   56.706197 0.00005 temp.1232
 4  4  0  3  3  0   56.770151 0.00005 temp.1233
 4  4  1  3  3  1   56.868214 0.00005 temp.1234
 5  2  3  4  1  3   58.051680 0.00005 temp.1235
 5  2  3  4  1  3   58.372737 0.00005 temp.1236
 5  3  2  4  2  2   59.450553 0.00005 temp.1237
 5  3  2  4  2  2   59.758501 0.00005 temp.1238
10  2  8  9  3  6   59.946887 0.00005 temp.1239
 7  2  6  6  1  5   59.999552 0.00005 temp.1240
 5  1  4  4  0  4   60.350849 0.00005 temp.1241
 5  1  4  4  0  4   60.683901 0.00005 temp.1242
 5  2  4  4  1  4   61.323054 0.00005 temp.1243
 5  2  4  4  1  4   61.653550 0.00005 temp.1244
 8  0  8  7  1  7   62.258720 0.00005 temp.1245
 8  1  8  7  0  7   62.265797 0.00005 temp.1246
 5  3  3  4  2  3   62.462621 0.00005 temp.1247
 5  3  3  4  2  3   62.770874 0.00005 temp.1248
 8  3  5  7  4  3   64.476367 0.00005 temp.1249
 8  3  5  7  4  3   64.750920 0.00005 temp.1250
 5  4  2  4  3  1   65.180247 0.00005 temp.1251
 5  4  1  4  3  1   65.375041 0.00005 temp.1252
 5  4  1  4  3  1   65.653662 0.00005 temp.1253
 5  4  2  4  3  2   66.118057 0.00005 temp.1254
 5  4  2  4  3  2   66.395965 0.00005 temp.1255
 5  4  1  4  3  2   66.590736 0.00005 temp.1256
 8  1  7  7  2  6   67.056419 0.00005 temp.1257
 8  1  7  7  2  6   67.056419 0.00005 temp.1258
 8  2  7  7  1  6   67.241495 0.00005 temp.1259
 8  2  7  7  1  6   67.241495 0.00005 temp.1260
 6  3  3  5  2  3   69.579082 0.00005 temp.1261
 9  0  9  8  1  8   69.702750 0.00005 temp.1262
 9  1  9  8  0  8   69.703820 0.00005 temp.1263
 9  0  9  8  1  8   69.706490 0.00005 temp.1264
 9  1  9  8  0  8   69.707730 0.00005 temp.1265
 6  3  3  5  2  3   69.883665 0.00005 temp.1266
 6  2  4  5  1  4   70.619200 0.00005 temp.1267
 9  4  5  8  5  3   70.741120 0.00005 temp.1268
 6  2  4  5  1  4   70.935045 0.00005 temp.1269
 5  5  0  4  4  0   71.244328 0.00005 temp.1270
 5  5  1  4  4  1   71.270930 0.00005 temp.1271
 5  5  1  4  4  0   71.393592 0.00005 temp.1272
 5  5  0  4  4  0   71.545130 0.00005 temp.1273
 5  5  1  4  4  1   71.571672 0.00005 temp.1274
 9  3  6  8  4  4   71.608204 0.00005 temp.1275
 6  1  5  5  0  5   73.048127 0.00005 temp.1276
 6  1  5  5  0  5   73.380870 0.00005 temp.1277
 6  2  5  5  1  5   73.425583 0.00005 temp.1278
 6  3  4  5  2  4   73.609519 0.00005 temp.1279
 6  2  5  5  1  5   73.757179 0.00005 temp.1280
 6  3  4  5  2  4   73.916323 0.00005 temp.1281
 6  4  2  5  3  2   73.942071 0.00005 temp.1282
 6  4  2  5  3  2   74.224642 0.00005 temp.1283
 9  1  8  8  2  7   74.549426 0.00005 temp.1284
 9  1  8  8  2  7   74.549426 0.00005 temp.1285
 9  2  8  8  1  7   74.606424 0.00005 temp.1286
 9  2  8  8  1  7   74.606424 0.00005 temp.1287
10  3  7  9  4  5   75.007215 0.00005 temp.1288
 6  4  3  5  3  3   76.026432 0.00005 temp.1289
 6  4  3  5  3  3   76.307297 0.00005 temp.1290
10  0 10  9  1  9   77.133884 0.00005 temp.1291
10  1 10  9  0  9   77.133884 0.00005 temp.1292
10  0 10  9  1  9   77.138393 0.00005 temp.1293
10  1 10  9  0  9   77.138393 0.00005 temp.1294
 6  4  2  5  3  3   77.538007 0.00005 temp.1295
 7  4  4  6  3  3   78.945436 0.00005 temp.1296
 9  2  7  8  3  6   78.969852 0.00005 temp.1297
 9  2  7  8  3  6   78.969852 0.00005 temp.1298
 9  3  7  8  2  6   80.111350 0.00005 temp.1299
 6  5  1  5  4  1   80.383866 0.00005 temp.1300
 6  5  2  5  4  1   80.454680 0.00005 temp.1301
 6  5  2  5  4  1   80.477853 0.00005 temp.1302
 6  5  2  5  4  2   80.649436 0.00005 temp.1303
 6  5  1  5  4  1   80.666408 0.00005 temp.1304
 6  5  1  5  4  2   80.837638 0.00005 temp.1305
 6  5  1  5  4  2   80.861128 0.00005 temp.1306
 7  3  4  6  2  4   80.903317 0.00005 temp.1307
 6  5  2  5  4  2   80.931669 0.00005 temp.1308
 7  3  4  6  2  4   81.202051 0.00005 temp.1309
10  4  6  9  5  4   81.311119 0.00005 temp.1310
10  1  9  9  2  8   81.991237 0.00005 temp.1311
10  1  9  9  2  8   81.992450 0.00005 temp.1312
10  2  9  9  1  8   82.007980 0.00005 temp.1313
10  2  9  9  1  8   82.009297 0.00005 temp.1314
 7  4  3  6  3  3   82.736151 0.00005 temp.1315
 7  4  3  6  3  3   83.017730 0.00005 temp.1316
 7  2  5  6  1  5   83.664531 0.00005 temp.1317
 7  2  5  6  1  5   83.974939 0.00005 temp.1318
 7  3  5  6  2  5   85.258176 0.00005 temp.1319
 7  1  6  6  0  6   85.542167 0.00005 temp.1320
 7  3  5  6  2  5   85.563346 0.00005 temp.1321
 7  2  6  6  1  6   85.671311 0.00005 temp.1322
 7  1  6  6  0  6   85.876058 0.00005 temp.1323
 6  6  0  5  5  0   85.956089 0.00005 temp.1324
 6  6  1  5  5  1   85.961055 0.00005 temp.1325
 7  2  6  6  1  6   86.004723 0.00005 temp.1326
 6  6  1  5  5  0   86.090986 0.00005 temp.1327
 6  6  0  5  5  1   86.097997 0.00005 temp.1328
 6  6  1  5  5  0   86.100689 0.00005 temp.1329
 6  6  0  5  5  1   86.107774 0.00005 temp.1330
 6  6  0  5  5  0   86.237565 0.00005 temp.1331
 6  6  1  5  5  1   86.242582 0.00005 temp.1332
11  5  6 10  6  4   86.248909 0.00005 temp.1333
 7  4  4  6  3  4   86.438810 0.00005 temp.1334
11  5  6 10  6  4   86.459938 0.00005 temp.1335
10  2  8  9  3  7   86.704521 0.00005 temp.1336
 7  4  4  6  3  4   86.717843 0.00005 temp.1337
10  3  8  9  2  7   87.116729 0.00005 temp.1338
11  4  7 10  5  5   88.880551 0.00005 temp.1339
 7  5  3  6  4  2   88.886069 0.00005 temp.1340
11  4  7 10  5  5   89.116115 0.00005 temp.1341
 7  5  2  6  4  2   89.201421 0.00005 temp.1342
11  1 10 10  2  9   89.408897 0.00005 temp.1343
11  1 10 10  2  9   89.410472 0.00005 temp.1344
11  2 10 10  1  9   89.413738 0.00005 temp.1345
11  2 10 10  1  9   89.415253 0.00005 temp.1346
 7  5  2  6  4  2   89.448836 0.00005 temp.1347
10  3  7  9  4  6   89.737918 0.00005 temp.1348
10  3  7  9  4  6   89.739240 0.00005 temp.1349
 7  5  3  6  4  3   90.137363 0.00005 temp.1350
 7  5  3  6  4  3   90.383395 0.00005 temp.1351
 7  4  3  6  3  4   90.511119 0.00005 temp.1352
 7  4  3  6  3  4   90.524070 0.00005 temp.1353
 7  5  2  6  4  3   90.698798 0.00005 temp.1354
12  0 12 11  1 11   91.954065 0.00005 temp.1355
12  1 12 11  0 11   91.954065 0.00005 temp.1356
12  0 12 11  1 11   91.959840 0.00005 temp.1357
12  1 12 11  0 11   91.959840 0.00005 temp.1358
 8  4  4  7  3  4   92.483331 0.00005 temp.1359
 8  4  4  7  3  4   92.761194 0.00005 temp.1360
12  4  8 11  5  6   92.932638 0.00005 temp.1361
 8  3  5  7  2  5   93.418191 0.00005 temp.1362
 8  3  5  7  2  5   93.708861 0.00005 temp.1363
11  2  9 10  3  8   94.217102 0.00005 temp.1364
11  2  9 10  3  8   94.217840 0.00005 temp.1365
10  4  7  9  3  6   94.291322 0.00005 temp.1366
10  4  7  9  3  6   94.300470 0.00005 temp.1367
11  3  9 10  2  8   94.355620 0.00005 temp.1368
11  3  9 10  2  8   94.357023 0.00005 temp.1369
 7  6  1  6  5  1   95.189524 0.00005 temp.1370
 7  6  2  6  5  2   95.236091 0.00005 temp.1371
 7  6  2  6  5  1   95.330100 0.00005 temp.1372
 7  6  1  6  5  2   95.383597 0.00005 temp.1373
 7  6  1  6  5  1   95.477599 0.00005 temp.1374
 7  6  2  6  5  2   95.524062 0.00005 temp.1375
 8  5  4  7  4  3   96.100277 0.00005 temp.1376
 8  2  6  7  1  6   96.558545 0.00005 temp.1377
 8  2  6  7  1  6   96.864635 0.00005 temp.1378
 6  4  2  5  1  4   97.060348 0.00005 temp.1379
 8  3  6  7  2  6   97.251633 0.00005 temp.1380
 6  4  2  5  1  4   97.356206 0.00005 temp.1381
 8  4  5  7  3  5   97.415691 0.00005 temp.1382
 8  5  3  7  4  3   97.534955 0.00005 temp.1383
 8  3  6  7  2  6   97.555141 0.00005 temp.1384
 8  4  5  7  3  5   97.691973 0.00005 temp.1385
 8  5  3  7  4  3   97.785099 0.00005 temp.1386
12  5  7 11  6  5   97.896543 0.00005 temp.1387
 8  1  7  7  0  7   97.924792 0.00005 temp.1388
 8  2  7  7  1  7   97.965665 0.00005 temp.1389
 8  1  7  7  0  7   98.261140 0.00005 temp.1390
 8  2  7  7  1  7   98.301851 0.00005 temp.1391
13  0 13 12  1 12   99.340880 0.00005 temp.1392
13  1 13 12  0 12   99.340880 0.00005 temp.1393
13  0 13 12  1 12   99.347589 0.00005 temp.1394
13  1 13 12  0 12   99.347589 0.00005 temp.1395
 8  5  4  7  4  4   99.925936 0.00005 temp.1396
 8  5  4  7  4  4  100.172637 0.00005 temp.1397
11  4  8 10  3  7  100.311359 0.00005 temp.1398
 7  7  0  6  6  0  100.574490 0.00005 temp.1399
 7  7  1  6  6  1  100.575157 0.00005 temp.1400
 7  7  1  6  6  0  100.699380 0.00005 temp.1401
 7  7  0  6  6  1  100.700689 0.00005 temp.1402
 7  7  1  6  6  0  100.710032 0.00005 temp.1403
 7  7  0  6  6  1  100.711304 0.00005 temp.1404
 7  7  0  6  6  0  100.835659 0.00005 temp.1405
 7  7  1  6  6  1  100.836377 0.00005 temp.1406
 8  5  3  7  4  4  101.591420 0.00005 temp.1407
 8  5  3  7  4  4  101.607293 0.00005 temp.1408
12  2 10 11  3  9  101.639835 0.00005 temp.1409
12  2 10 11  3  9  101.640375 0.00005 temp.1410
12  3 10 11  2  9  101.684279 0.00005 temp.1411
12  3 10 11  2  9  101.684279 0.00005 temp.1412
 9  5  5  8  4  4  101.846086 0.00005 temp.1413
 9  5  5  8  4  4  101.865522 0.00005 temp.1414
 9  4  5  8  3  5  103.528899 0.00005 temp.1415
 9  4  5  8  3  5  103.799877 0.00005 temp.1416
 8  6  2  7  5  2  104.207142 0.00005 temp.1417
 8  6  3  7  5  2  104.299363 0.00005 temp.1418
 8  6  2  7  5  2  104.480179 0.00005 temp.1419
 8  6  3  7  5  3  104.569149 0.00005 temp.1420
 8  6  2  7  5  3  104.749333 0.00005 temp.1421
 8  6  2  7  5  3  104.795510 0.00005 temp.1422
 8  6  3  7  5  3  104.841569 0.00005 temp.1423
 9  5  4  8  4  4  105.947960 0.00005 temp.1424
 9  5  4  8  4  4  106.197751 0.00005 temp.1425
13  5  8 12  6  6  106.285971 0.00005 temp.1426
10  5  6  9  4  5  106.473959 0.00005 temp.1427
13  5  8 12  6  6  106.486995 0.00005 temp.1428
 9  3  6  8  2  6  106.587294 0.00005 temp.1429
14  0 14 13  1 13  106.710582 0.00005 temp.1430
14  1 14 13  0 13  106.710582 0.00005 temp.1431
14  0 14 13  1 13  106.718071 0.00005 temp.1432
14  1 14 13  0 13  106.718071 0.00005 temp.1433
 9  3  6  8  2  6  106.868990 0.00005 temp.1434
12  4  9 11  3  8  106.993102 0.00005 temp.1435
 6  5  1  5  2  3  107.424739 0.00005 temp.1436
 9  4  6  8  3  6  108.907683 0.00005 temp.1437
13  2 11 12  3 10  109.022283 0.00005 temp.1438
13  2 11 12  3 10  109.022283 0.00005 temp.1439
 9  2  7  8  1  7  109.165213 0.00005 temp.1440
 9  4  6  8  3  6  109.180485 0.00005 temp.1441
 9  3  7  8  2  7  109.428628 0.00005 temp.1442
 9  2  7  8  1  7  109.468530 0.00005 temp.1443
 9  3  7  8  2  7  109.730857 0.00005 temp.1444
 8  7  1  7  6  1  109.825646 0.00005 temp.1445
 8  7  2  7  6  2  109.835805 0.00005 temp.1446
 8  7  2  7  6  1  109.947617 0.00005 temp.1447
 8  7  2  7  6  1  109.958578 0.00005 temp.1448
 8  7  1  7  6  2  109.962205 0.00005 temp.1449
 8  7  1  7  6  1  110.084985 0.00005 temp.1450
 8  7  2  7  6  2  110.095100 0.00005 temp.1451
 9  5  5  8  4  5  110.172528 0.00005 temp.1452
 9  1  8  8  0  8  110.253008 0.00005 temp.1453
 9  2  8  8  1  8  110.265308 0.00005 temp.1454
 9  5  5  8  4  5  110.416779 0.00005 temp.1455
 9  1  8  8  0  8  110.592961 0.00005 temp.1456
 9  2  8  8  1  8  110.605187 0.00005 temp.1457
11  5  7 10  4  6  110.671396 0.00005 temp.1458
 9  6  4  8  5  3  112.505856 0.00005 temp.1459
 9  6  3  8  5  3  112.908839 0.00005 temp.1460
 7  4  3  6  1  5  112.916755 0.00005 temp.1461
 9  6  3  8  5  3  113.120082 0.00005 temp.1462
15  0 15 14  1 14  114.061644 0.00005 temp.1463
15  1 15 14  0 14  114.061644 0.00005 temp.1464
15  0 15 14  1 14  114.070141 0.00005 temp.1465
15  1 15 14  0 14  114.070141 0.00005 temp.1466
14  6  8 13  7  6  114.133429 0.00005 temp.1467
 9  6  4  8  5  4  114.171330 0.00005 temp.1468
 9  5  4  8  4  5  114.504831 0.00005 temp.1469
 9  6  3  8  5  4  114.574321 0.00005 temp.1470
 8  8  0  7  7  0  115.093464 0.00005 temp.1471
 8  8  1  7  7  1  115.093464 0.00005 temp.1472
 8  8  1  7  7  0  115.207799 0.00005 temp.1473
 8  8  0  7  7  1  115.207799 0.00005 temp.1474
 8  8  1  7  7  0  115.218892 0.00005 temp.1475
 8  8  0  7  7  1  115.218892 0.00005 temp.1476
10  5  5  9  4  5  115.260788 0.00005 temp.1477
10  5  5  9  4  5  115.507430 0.00005 temp.1478
 7  5  2  6  2  4  115.622494 0.00005 temp.1479
 7  5  2  6  2  4  115.890043 0.00005 temp.1480
10  4  6  9  3  6  116.161543 0.00005 temp.1481
14  3 12 13  2 11  116.385800 0.00005 temp.1482
14  3 12 13  2 11  116.385800 0.00005 temp.1483
15  1 14 14  2 13  118.910854 0.00005 temp.1484
15  2 14 14  1 13  118.910854 0.00005 temp.1485
15  1 14 14  2 13  118.914569 0.00005 temp.1486
15  2 14 14  1 13  118.914569 0.00005 temp.1487
 9  7  2  8  6  2  118.979836 0.00005 temp.1488
 9  7  3  8  6  3  119.030655 0.00005 temp.1489
 9  7  3  8  6  2  119.122906 0.00005 temp.1490
 9  7  2  8  6  3  119.171194 0.00005 temp.1491
 9  7  2  8  6  2  119.263430 0.00005 temp.1492
 9  7  3  8  6  3  119.314072 0.00005 temp.1493
10  6  5  9  5  4  119.484442 0.00005 temp.1494
10  3  7  9  2  7  119.675977 0.00005 temp.1495
10  3  7  9  2  7  119.949581 0.00005 temp.1496
10  4  7  9  3  7  120.779993 0.00005 temp.1497
10  5  6  9  4  6  120.964134 0.00005 temp.1498
10  6  4  9  5  4  121.031682 0.00005 temp.1499
10  4  7  9  3  7  121.048955 0.00005 temp.1500
10  5  6  9  4  6  121.204722 0.00005 temp.1501
10  6  4  9  5  4  121.245581 0.00005 temp.1502
10  2  8  9  1  8  121.583356 0.00005 temp.1503
10  3  8  9  2  8  121.675158 0.00005 temp.1504
10  2  8  9  1  8  121.885290 0.00005 temp.1505
10  3  8  9  2  8  121.976820 0.00005 temp.1506
10  1  9  9  0  9  122.550106 0.00005 temp.1507
10  2  9  9  1  9  122.553696 0.00005 temp.1508
10  1  9  9  0  9  122.894900 0.00005 temp.1509
10  2  9  9  1  9  122.898475 0.00005 temp.1510
10  6  5  9  5  5  123.607733 0.00005 temp.1511
10  6  5  9  5  5  123.816672 0.00005 temp.1512
 9  8  1  8  7  1  124.340942 0.00005 temp.1513
 9  8  2  8  7  2  124.342737 0.00005 temp.1514
 9  8  1  8  7  2  124.456116 0.00005 temp.1515
 9  8  2  8  7  1  124.464664 0.00005 temp.1516
 9  8  1  8  7  1  124.578175 0.00005 temp.1517
 9  8  2  8  7  2  124.579970 0.00005 temp.1518
10  6  4  9  5  5  125.363867 0.00005 temp.1519
16  1 15 15  2 14  126.241281 0.00005 temp.1520
16  2 15 15  1 14  126.241281 0.00005 temp.1521
16  1 15 15  2 14  126.245680 0.00005 temp.1522
16  2 15 15  1 14  126.245680 0.00005 temp.1523
 8  5  3  7  2  5  126.476734 0.00005 temp.1524
 8  5  3  7  2  5  126.742790 0.00005 temp.1525
10  7  3  9  6  3  127.866411 0.00005 temp.1526
10  7  4  9  6  3  127.900649 0.00005 temp.1527
10  7  4  9  6  3  127.975288 0.00005 temp.1528
10  7  3  9  6  3  128.131379 0.00005 temp.1529
10  7  4  9  6  4  128.303728 0.00005 temp.1530
10  7  3  9  6  4  128.458980 0.00005 temp.1531
10  7  3  9  6  4  128.534178 0.00005 temp.1532
15  4 12 14  3 11  128.553953 0.00005 temp.1533
10  7  4  9  6  4  128.567856 0.00005 temp.1534
17  0 17 16  1 16  128.703570 0.00005 temp.1535
17  1 17 16  0 16  128.703570 0.00005 temp.1536
17  0 17 16  1 16  128.714148 0.00005 temp.1537
17  1 17 16  0 16  128.714148 0.00005 temp.1538
11  6  5 10  5  5  129.077223 0.00005 temp.1539
11  4  7 10  3  7  129.120626 0.00005 temp.1540
11  6  5 10  5  5  129.291842 0.00005 temp.1541
11  4  7 10  3  7  129.369733 0.00005 temp.1542
 9  9  0  8  8  0  129.502062 0.00005 temp.1543
 9  9  1  8  8  1  129.502062 0.00005 temp.1544
 9  9  1  8  8  0  129.605171 0.00005 temp.1545
 9  9  0  8  8  1  129.605171 0.00005 temp.1546
 9  9  1  8  8  0  129.616412 0.00005 temp.1547
 9  9  0  8  8  1  129.616412 0.00005 temp.1548
 9  9  0  8  8  0  129.719536 0.00005 temp.1549
 9  9  1  8  8  1  129.719536 0.00005 temp.1550
 8  4  4  7  1  6  131.819382 0.00005 temp.1551
 8  4  4  7  1  6  132.111981 0.00005 temp.1552
11  5  7 10  4  7  132.280637 0.00005 temp.1553
11  3  8 10  2  8  132.415953 0.00005 temp.1554
11  5  7 10  4  7  132.516590 0.00005 temp.1555
11  3  8 10  2  8  132.683201 0.00005 temp.1556
11  4  8 10  3  8  133.137834 0.00005 temp.1557
10  8  3  9  7  2  133.645950 0.00005 temp.1558
10  8  2  9  7  3  133.652806 0.00005 temp.1559
11  6  6 10  5  6  133.670006 0.00005 temp.1560
10  8  2  9  7  2  133.760682 0.00005 temp.1561
10  8  3  9  7  3  133.773953 0.00005 temp.1562
11  6  6 10  5  6  133.876224 0.00005 temp.1563
11  2  9 10  1  9  133.900736 0.00005 temp.1564
11  3  9 10  2  9  133.931045 0.00005 temp.1565
11  2  9 10  1  9  134.202603 0.00005 temp.1566
11  3  9 10  2  9  134.232751 0.00005 temp.1567
11  1 10 10  0 10  134.824260 0.00005 temp.1568
11  2 10 10  1 10  134.825407 0.00005 temp.1569
11  1 10 10  0 10  135.175107 0.00005 temp.1570
11  2 10 10  1 10  135.176240 0.00005 temp.1571
11  7  5 10  6  4  136.010072 0.00005 temp.1572
11  7  5 10  6  5  137.579102 0.00005 temp.1573
11  7  5 10  6  5  137.749612 0.00005 temp.1574
12  6  6 11  5  6  137.914678 0.00005 temp.1575
12  5  7 11  4  7  138.072313 0.00005 temp.1576
12  6  6 11  5  6  138.127252 0.00005 temp.1577
11  7  4 10  6  5  138.208129 0.00005 temp.1578
12  5  7 11  4  7  138.300763 0.00005 temp.1579
10  9  1  9  8  1  138.739286 0.00005 temp.1580
10  9  2  9  8  2  138.739286 0.00005 temp.1581
 8  6  2  7  3  4  138.895038 0.00005 temp.1582
 9  5  4  8  2  6  141.195410 0.00005 temp.1583
 9  5  4  8  2  6  141.458523 0.00005 temp.1584
11  8  3 10  7  3  142.585204 0.00005 temp.1585
12  4  8 11  3  8  142.621531 0.00005 temp.1586
11  8  4 10  7  4  142.628990 0.00005 temp.1587
11  8  4 10  7  3  142.681310 0.00005 temp.1588
11  8  4 10  7  3  142.737867 0.00005 temp.1589
11  8  3 10  7  4  142.759510 0.00005 temp.1590
11  8  3 10  7  4  142.815846 0.00005 temp.1591
12  7  6 11  6  5  142.825277 0.00005 temp.1592
11  8  4 10  7  4  142.911893 0.00005 temp.1593
10 10  0  9  9  0  143.788453 0.00005 temp.1594
10 10  1  9  9  1  143.788453 0.00005 temp.1595
10 10  1  9  9  0  143.880395 0.00005 temp.1596
10 10  0  9  9  1  143.880395 0.00005 temp.1597
10 10  1  9  9  0  143.891591 0.00005 temp.1598
10 10  0  9  9  1  143.891591 0.00005 temp.1599
10 10  0  9  9  0  143.983548 0.00005 temp.1600
10 10  1  9  9  1  143.983548 0.00005 temp.1601
12  5  8 11  4  8  144.008855 0.00005 temp.1602
12  5  8 11  4  8  144.239467 0.00005 temp.1603
12  6  7 11  5  7  144.255916 0.00005 temp.1604
12  7  5 11  6  5  144.407990 0.00005 temp.1605
12  6  7 11  5  7  144.458206 0.00005 temp.1606
12  7  5 11  6  5  144.584017 0.00005 temp.1607
12  3  9 11  2  9  144.885120 0.00005 temp.1608
12  4  9 11  3  9  145.057734 0.00005 temp.1609
12  3  9 11  2  9  145.147719 0.00005 temp.1610
12  4  9 11  3  9  145.319376 0.00005 temp.1611
 9  6  3  8  3  5  145.942886 0.00005 temp.1612
12  2 10 11  1 10  146.160830 0.00005 temp.1613
12  3 10 11  2 10  146.170423 0.00005 temp.1614
 9  6  3  8  3  5  146.178677 0.00005 temp.1615
12  2 10 11  1 10  146.463581 0.00005 temp.1616
12  3 10 11  2 10  146.473115 0.00005 temp.1617
12  7  6 11  6  6  147.064109 0.00005 temp.1618
12  1 11 11  0 11  147.078278 0.00005 temp.1619
12  2 11 11  1 11  147.078278 0.00005 temp.1620
12  7  6 11  6  6  147.234045 0.00005 temp.1621
11  9  2 10  8  2  148.134012 0.00005 temp.1622
11  9  3 10  8  3  148.136572 0.00005 temp.1623
13  6  7 12  5  7  148.146474 0.00005 temp.1624
13  6  7 12  5  7  148.352634 0.00005 temp.1625
12  7  5 11  6  6  148.816757 0.00005 temp.1626
12  8  4 11  7  4  151.343092 0.00005 temp.1627
13  5  8 12  4  8  151.469051 0.00005 temp.1628
12  8  5 11  7  4  151.470816 0.00005 temp.1629
12  8  4 11  7  4  151.595701 0.00005 temp.1630
12  8  5 11  7  5  151.829109 0.00005 temp.1631
12  8  4 11  7  5  151.952875 0.00005 temp.1632
12  8  5 11  7  5  152.080628 0.00005 temp.1633
13  7  6 12  6  6  152.111555 0.00005 temp.1634
13  7  6 12  6  6  152.289451 0.00005 temp.1635
11 10  2 10  9  1  153.103098 0.00005 temp.1636
11 10  1 10  9  2  153.103098 0.00005 temp.1637
11 10  2 10  9  1  153.114265 0.00005 temp.1638
11 10  1 10  9  2  153.114265 0.00005 temp.1639
13  4  9 12  3  9  155.270168 0.00005 temp.1640
13  6  8 12  5  8  155.372218 0.00005 temp.1641
13  4  9 12  3  9  155.498647 0.00005 temp.1642
13  6  8 12  5  8  155.569285 0.00005 temp.1643
10  6  4  9  3  6  155.621207 0.00005 temp.1644
10  6  4  9  3  6  155.853673 0.00005 temp.1645
13  5  9 12  4  9  155.993889 0.00005 temp.1646
13  5  9 12  4  9  156.218881 0.00005 temp.1647
13  7  7 12  6  7  156.924534 0.00005 temp.1648
12  9  3 11  8  3  157.022552 0.00005 temp.1649
12  9  4 11  8  4  157.036544 0.00005 temp.1650
13  7  7 12  6  7  157.091924 0.00005 temp.1651
12  9  4 11  8  3  157.132620 0.00005 temp.1652
12  9  3 11  8  4  157.138638 0.00005 temp.1653
13  3 10 12  2 10  157.197314 0.00005 temp.1654
12  9  3 11  8  3  157.234788 0.00005 temp.1655
12  9  4 11  8  4  157.248707 0.00005 temp.1656
13  4 10 12  3 10  157.258726 0.00005 temp.1657
13  3 10 12  2 10  157.456499 0.00005 temp.1658
13  4 10 12  3 10  157.517558 0.00005 temp.1659
11 11  0 10 10  0  157.941530 0.00005 temp.1660
11 11  1 10 10  1  157.941530 0.00005 temp.1661
11 11  1 10 10  0  158.022613 0.00005 temp.1662
11 11  0 10 10  1  158.022613 0.00005 temp.1663
11 11  1 10 10  0  158.033545 0.00005 temp.1664
11 11  0 10 10  1  158.033545 0.00005 temp.1665
11 11  0 10 10  0  158.114629 0.00005 temp.1666
11 11  1 10 10  1  158.114629 0.00005 temp.1667
13  2 11 12  1 11  158.381494 0.00005 temp.1668
13  3 11 12  2 11  158.384422 0.00005 temp.1669
13  2 11 12  1 11  158.686158 0.00005 temp.1670
13  3 11 12  2 11  158.689012 0.00005 temp.1671
13  1 12 12  0 12  159.312080 0.00005 temp.1672
13  2 12 12  1 12  159.312080 0.00005 temp.1673
13  1 12 12  0 12  159.678627 0.00005 temp.1674
13  2 12 12  1 12  159.678627 0.00005 temp.1675
13  8  5 12  7  5  159.852535 0.00005 temp.1676
14  6  8 13  5  8  159.936061 0.00005 temp.1677
13  8  5 12  7  5  159.987778 0.00005 temp.1678
14  6  8 13  5  8  160.131185 0.00005 temp.1679
14  7  7 13  6  7  160.447825 0.00005 temp.1680
14  7  7 13  6  7  160.625176 0.00005 temp.1681
13  8  6 12  7  6  160.971036 0.00005 temp.1682
13  8  6 12  7  6  161.103424 0.00005 temp.1683
14  5  9 13  4  9  164.653861 0.00005 temp.1684
14  5  9 13  4  9  164.855150 0.00005 temp.1685
13  9  4 12  8  4  165.979125 0.00005 temp.1686
13  9  5 12  8  5  166.012862 0.00005 temp.1687
13  9  5 12  8  4  166.066756 0.00005 temp.1688
13  9  4 12  8  5  166.204410 0.00005 temp.1689
13  9  4 12  8  4  166.258496 0.00005 temp.1690
13  9  5 12  8  5  166.291924 0.00005 temp.1691
14  6  9 13  5  9  166.928072 0.00005 temp.1692
14  6  9 13  5  9  167.118989 0.00005 temp.1693
12 11  1 11 10  1  167.150372 0.00005 temp.1694
12 11  2 11 10  2  167.150372 0.00005 temp.1695
14  7  8 13  6  8  167.283319 0.00005 temp.1696
12 11  1 11 10  1  167.321146 0.00005 temp.1697
12 11  2 11 10  2  167.321146 0.00005 temp.1698
14  7  8 13  6  8  167.446899 0.00005 temp.1699
14  8  6 13  7  6  167.637330 0.00005 temp.1700
14  8  6 13  7  6  167.775794 0.00005 temp.1701
14  4 10 13  3 10  167.804485 0.00005 temp.1702
14  4 10 13  3 10  168.025490 0.00005 temp.1703
14  5 10 13  4 10  168.097525 0.00005 temp.1704
14  3 11 13  2 11  169.418684 0.00005 temp.1705
14  4 11 13  3 11  169.439591 0.00005 temp.1706
11  6  5 10  3  7  169.545407 0.00005 temp.1707
14  3 11 13  2 11  169.675500 0.00005 temp.1708
14  4 11 13  3 11  169.696275 0.00005 temp.1709
15  7  8 14  6  8  170.154204 0.00005 temp.1710
14  8  7 13  7  7  170.281634 0.00005 temp.1711
15  7  8 14  6  8  170.326582 0.00005 temp.1712
14  8  7 13  7  7  170.413463 0.00005 temp.1713
13 10  3 12  9  3  171.286713 0.00005 temp.1714
13 10  4 12  9  4  171.289420 0.00005 temp.1715
13 10  3 12  9  3  171.473392 0.00005 temp.1716
13 10  4 12  9  4  171.476099 0.00005 temp.1717
14  1 13 13  0 13  171.525638 0.00005 temp.1718
14  2 13 13  1 13  171.525638 0.00005 temp.1719
14  1 13 13  0 13  171.902071 0.00005 temp.1720
14  2 13 13  1 13  171.902071 0.00005 temp.1721
12 12  0 11 11  0  171.951095 0.00005 temp.1722
12 12  1 11 11  1  171.951095 0.00005 temp.1723
12 12  0 11 11  0  172.103067 0.00005 temp.1724
12 12  1 11 11  1  172.103067 0.00005 temp.1725
15  6  9 14  5  9  172.976374 0.00005 temp.1726
15  6  9 14  5  9  173.157183 0.00005 temp.1727
14  9  5 13  8  5  174.614629 0.00005 temp.1728
14  9  6 13  8  5  174.756139 0.00005 temp.1729
14  9  5 13  8  5  174.848963 0.00005 temp.1730
15  8  7 14  7  7  175.035834 0.00005 temp.1731
14  9  6 13  8  6  175.122347 0.00005 temp.1732
15  8  7 14  7  7  175.177344 0.00005 temp.1733
14  9  5 13  8  6  175.214127 0.00005 temp.1734
14  9  6 13  8  6  175.355637 0.00005 temp.1735
13 11  2 12 10  2  176.307734 0.00005 temp.1736
13 11  3 12 10  3  176.307734 0.00005 temp.1737
13 11  2 12 10  2  176.475830 0.00005 temp.1738
13 11  3 12 10  3  176.475830 0.00005 temp.1739
15  5 10 14  4 10  177.693910 0.00005 temp.1740
15  5 10 14  4 10  177.883443 0.00005 temp.1741
15  7  9 14  6  9  178.172289 0.00005 temp.1742
15  7  9 14  6  9  178.330675 0.00005 temp.1743
15  6 10 14  5 10  178.777452 0.00005 temp.1744
15  6 10 14  5 10  178.961674 0.00005 temp.1745
15  8  8 14  7  8  179.924673 0.00005 temp.1746
15  8  8 14  7  8  180.054428 0.00005 temp.1747
15  4 11 14  3 11  180.116782 0.00005 temp.1748
15  5 11 14  4 11  180.228115 0.00005 temp.1749
14 10  4 13  9  4  180.291646 0.00005 temp.1750
14 10  5 13  9  5  180.304123 0.00005 temp.1751
15  4 11 14  3 11  180.331783 0.00005 temp.1752
15  5 11 14  4 11  180.442499 0.00005 temp.1753
14 10  4 13  9  4  180.480768 0.00005 temp.1754
14 10  5 13  9  5  180.493171 0.00005 temp.1755
16  7  9 15  6  9  181.498838 0.00005 temp.1756
15  3 12 14  2 12  181.579877 0.00005 temp.1757
15  4 12 14  3 12  181.586807 0.00005 temp.1758
15  3 12 14  2 12  181.835193 0.00005 temp.1759
15  4 12 14  3 12  181.842094 0.00005 temp.1760
15  2 13 14  1 13  182.728217 0.00005 temp.1761
15  3 13 14  2 13  182.728217 0.00005 temp.1762
16  8  8 15  7  8  182.864269 0.00005 temp.1763
16  8  8 15  7  8  183.006941 0.00005 temp.1764
15  9  6 14  8  6  183.033042 0.00005 temp.1765
15  2 13 14  1 13  183.039442 0.00005 temp.1766
15  3 13 14  2 13  183.039442 0.00005 temp.1767
15  9  6 14  8  6  183.132664 0.00005 temp.1768
15  1 14 14  0 14  183.718362 0.00005 temp.1769
15  2 14 14  1 14  183.718362 0.00005 temp.1770
15  1 14 14  0 14  184.106124 0.00005 temp.1771
15  2 14 14  1 14  184.106124 0.00005 temp.1772
15  9  7 14  8  7  184.119454 0.00005 temp.1773
15  9  7 14  8  7  184.216162 0.00005 temp.1774
13 13  0 12 12  0  185.807909 0.00005 temp.1775
13 13  1 12 12  1  185.807909 0.00005 temp.1776
13 13  0 12 12  0  185.940003 0.00005 temp.1777
13 13  1 12 12  1  185.940003 0.00005 temp.1778
16  6 10 15  5 10  186.455048 0.00005 temp.1779
16  6 10 15  5 10  186.620923 0.00005 temp.1780
15 10  5 14  9  5  189.137209 0.00005 temp.1781
15 10  6 14  9  6  189.161471 0.00005 temp.1782
15 10  5 14  9  6  189.264977 0.00005 temp.1783
15 10  6 14  9  5  189.302893 0.00005 temp.1784
15 10  5 14  9  5  189.406399 0.00005 temp.1785
15 10  6 14  9  6  189.430396 0.00005 temp.1786
16  7 10 15  6 10  189.524736 0.00005 temp.1787
16  7 10 15  6 10  189.676737 0.00005 temp.1788
16  8  9 15  7  9  190.035456 0.00005 temp.1789
16  8  9 15  7  9  190.161856 0.00005 temp.1790
14 12  2 13 11  2  190.283355 0.00005 temp.1791
14 12  3 13 11  3  190.283355 0.00005 temp.1792
16  5 11 15  4 11  190.308632 0.00005 temp.1793
14 12  2 13 11  2  190.430692 0.00005 temp.1794
14 12  3 13 11  3  190.430692 0.00005 temp.1795
16  5 11 15  4 11  190.488544 0.00005 temp.1796
16  9  7 15  8  7  190.691275 0.00005 temp.1797
16  9  7 15  8  7  190.794266 0.00005 temp.1798
16  6 11 15  5 11  190.953167 0.00005 temp.1799
16  4 12 15  3 12  192.297544 0.00005 temp.1800
16  5 12 15  4 12  192.338019 0.00005 temp.1801
16  4 12 15  3 12  192.507602 0.00005 temp.1802
16  5 12 15  4 12  192.547842 0.00005 temp.1803
16  9  8 15  8  8  193.244844 0.00005 temp.1804
16  9  8 15  8  8  193.341229 0.00005 temp.1805
16  3 13 15  2 13  193.948628 0.00005 temp.1806
16  4 13 15  3 13  193.950953 0.00005 temp.1807
15 11  4 14 10  4  194.570093 0.00005 temp.1808
15 11  5 14 10  5  194.572491 0.00005 temp.1809
16  2 14 15  1 14  195.173534 0.00005 temp.1810
16  3 14 15  2 14  195.173534 0.00005 temp.1811
16  1 15 15  0 15  195.889516 0.00005 temp.1812
16  2 15 15  1 15  195.889516 0.00005 temp.1813
16  1 15 15  0 15  196.290108 0.00005 temp.1814
16  2 15 15  1 15  196.290108 0.00005 temp.1815
16 10  7 15  9  7  198.162109 0.00005 temp.1816
14 14  0 13 13  0  199.503763 0.00005 temp.1817
14 14  1 13 13  1  199.503763 0.00005 temp.1818
15 12  3 14 11  3  199.503763 0.00005 temp.1819
15 12  4 14 11  4  199.503763 0.00005 temp.1820
14 14  0 13 13  0  199.617465 0.00005 temp.1821
14 14  1 13 13  1  199.617465 0.00005 temp.1822
17  6 11 16  5 11  199.799819 0.00005 temp.1823
16 11  6 15 10  6  203.483585 0.00005 temp.1824
15 13  2 14 12  2  204.103123 0.00005 temp.1825
15 13  3 14 12  3  204.103123 0.00005 temp.1826
12  3  9 11  4  8  106.227810 0.00005 temp.1827
12  3  9 11  4  8  106.229490 0.00005 temp.1828
 8  7  1  7  6  2  109.973190 0.00005 temp.1829
14  5  9 13  6  7  111.090340 0.00005 temp.1830
14  1 13 13  2 12  111.561051 0.00005 temp.1831
14  2 13 13  1 12  111.561051 0.00005 temp.1832
13  3 10 12  4  9  113.777278 0.00005 temp.1833
13  3 10 12  4  9  113.779180 0.00005 temp.1834
13  4 10 12  3  9  114.054802 0.00005 temp.1835
13  4 10 12  3  9  114.057856 0.00005 temp.1836
14  2 12 13  3 11  116.381430 0.00005 temp.1837
14  2 12 13  3 11  116.381430 0.00005 temp.1838
13  4  9 12  5  8  117.488720 0.00005 temp.1839
13  4  9 12  5  8  117.488720 0.00005 temp.1840
14  5 10 13  4  9  126.876164 0.00005 temp.1841
14  5 10 13  4  9  126.882240 0.00005 temp.1842
15  3 12 14  4 11  128.520310 0.00005 temp.1843
10  5  5  9  4  6  129.979320 0.00005 temp.1844
10  5  5  9  4  6  129.991653 0.00005 temp.1845
16  2 14 15  3 13  131.043730 0.00005 temp.1846
16  3 14 15  2 13  131.043730 0.00005 temp.1847
16  2 14 15  3 13  131.044828 0.00005 temp.1848
16  3 14 15  2 13  131.044828 0.00005 temp.1849
 7  5  3  6  2  5  132.919470 0.00005 temp.1850
10  9  2  9  8  1  138.841041 0.00005 temp.1851
10  9  1  9  8  2  138.841041 0.00005 temp.1852
10  9  2  9  8  1  138.852488 0.00005 temp.1853
10  9  1  9  8  2  138.852488 0.00005 temp.1854
10  9  1  9  8  1  138.954332 0.00005 temp.1855
10  9  2  9  8  2  138.954332 0.00005 temp.1856
12  1 11 11  0 11  147.436408 0.00005 temp.1857
12  2 11 11  1 11  147.436408 0.00005 temp.1858
11  9  3 10  8  2  148.021904 0.00005 temp.1859
11  9  2 10  8  3  148.025474 0.00005 temp.1860
11  9  3 10  8  2  148.033081 0.00005 temp.1861
11  9  2 10  8  3  148.036506 0.00005 temp.1862
10  6  5  9  3  6  154.073870 0.00005 temp.1863
 9  4  5  8  1  7  154.137250 0.00005 temp.1864
12 10  2 11  9  2  162.184627 0.00005 temp.1865
12 10  3 11  9  3  162.184627 0.00005 temp.1866
12 10  2 11  9  2  162.374573 0.00005 temp.1867
12 10  3 11  9  3  162.374573 0.00005 temp.1868
14  5 10 13  4 10  168.317014 0.00005 temp.1869
11  6  5 10  3  7  169.317014 0.00005 temp.1870
14  2 12 13  1 12  170.569701 0.00005 temp.1871
14  3 12 13  2 12  170.570468 0.00005 temp.1872
14  2 12 13  1 12  170.877260 0.00005 temp.1873
14  3 12 13  2 12  170.878087 0.00005 temp.1874
12 12  1 11 11  0  172.021830 0.00005 temp.1875
12 12  0 11 11  1  172.021830 0.00005 temp.1876
12 12  1 11 11  0  172.032210 0.00005 temp.1877
12 12  0 11 11  1  172.032210 0.00005 temp.1878
12  7  5 11  4  7  184.583730 0.00005 temp.1879
14 11  3 13 10  3  185.399533 0.00005 temp.1880
14 11  4 13 10  4  185.399533 0.00005 temp.1881
14 11  3 13 10  3  185.564776 0.00005 temp.1882
14 11  4 13 10  4  185.564776 0.00005 temp.1883
12  6  6 11  3  8  187.365800 0.00005 temp.1884
17  8  9 16  7  9  191.978220 0.00005 temp.1885
17  8  9 16  7  9  192.117890 0.00005 temp.1886
16  3 13 15  2 13  193.694130 0.00005 temp.1887
16  4 13 15  3 13  193.696390 0.00005 temp.1888
15 11  4 14 10  4  194.407970 0.00005 temp.1889
15 11  5 14 10  5  194.410427 0.00005 temp.1890
17  7 10 16  6 10  194.429790 0.00005 temp.1891
16  2 14 15  1 14  194.857365 0.00005 temp.1892
16  3 14 15  2 14  194.857365 0.00005 temp.1893
14 13  1 13 12  1  194.982515 0.00005 temp.1894
14 13  2 13 12  2  194.982515 0.00005 temp.1895
14 13  1 13 12  1  195.112604 0.00005 temp.1896
14 13  2 13 12  2  195.112604 0.00005 temp.1897
16 10  6 15  9  6  197.867490 0.00005 temp.1898
17  9  8 16  8  8  197.938770 0.00005 temp.1899
16 10  6 15  9  7  198.224265 0.00005 temp.1900
16 10  7 15  9  7  198.372130 0.00005 temp.1901
15 12  3 14 11  3  199.359207 0.00005 temp.1902
15 12  4 14 11  4  199.359210 0.00005 temp.1903
17  8 10 16  7 10  200.669640 0.00005 temp.1904
17  8 10 16  7 10  200.791390 0.00005 temp.1905
17  7 11 16  6 11  201.207262 0.00005 temp.1906
17  7 11 16  6 11  201.352360 0.00005 temp.1907
17  5 12 16  4 12  202.628890 0.00005 temp.1908
17  9  9 16  8  9  202.657490 0.00005 temp.1909
17  9  9 16  8  9  202.752470 0.00005 temp.1910
18  8 10 17  7 10  202.775530 0.00005 temp.1911
17  6 12 16  5 12  202.988110 0.00005 temp.1912
16 11  5 15 10  5  203.307460 0.00005 temp.1913
16 11  6 15 10  6  203.316920 0.00005 temp.1914
15 13  2 14 12  2  204.230950 0.00005 temp.1915
15 13  3 14 12  3  204.230950 0.00005 temp.1916
17  4 13 16  3 13  204.393090 0.00005 temp.1917
17  5 13 16  4 13  204.407250 0.00005 temp.1918
17  4 13 16  3 13  204.598982 0.00005 temp.1919
17  5 13 16  4 13  204.613151 0.00005 temp.1920
17 10  7 16  9  7  205.982970 0.00005 temp.1921
17  3 14 16  2 14  206.021998 0.00005 temp.1922
17  4 14 16  3 14  206.021998 0.00005 temp.1923
17 10  7 16  9  7  206.050540 0.00005 temp.1924
17  2 15 16  1 15  206.957700 0.00005 temp.1925
17  3 15 16  2 15  206.957700 0.00005 temp.1926
17 10  8 16  9  8  207.005750 0.00005 temp.1927
17  2 15 16  1 15  207.279625 0.00005 temp.1928
17  3 15 16  2 15  207.279625 0.00005 temp.1929
18  7 11 17  6 11  207.757950 0.00005 temp.1930
17  1 16 16  0 16  208.038424 0.00005 temp.1931
17  2 16 16  1 16  208.038424 0.00005 temp.1932
16 12  4 15 11  4  208.357565 0.00005 temp.1933
16 12  5 15 11  5  208.357565 0.00005 temp.1934
16 12  4 15 11  4  208.499177 0.00005 temp.1935
16 12  5 15 11  5  208.499177 0.00005 temp.1936
15 14  1 14 13  1  208.659535 0.00005 temp.1937
15 14  2 14 13  2  208.659535 0.00005 temp.1938
15 14  1 14 13  1  208.771340 0.00005 temp.1939
15 14  2 14 13  2  208.771340 0.00005 temp.1940
15 15  0 14 14  0  213.031461 0.00005 temp.1941
15 15  1 14 14  1  213.031461 0.00005 temp.1942
15 15  0 14 14  0  213.128391 0.00005 temp.1943
15 15  1 14 14  1  213.128391 0.00005 temp.1944
16 13  3 15 12  3  213.159712 0.00005 temp.1945
16 13  4 15 12  4  213.159712 0.00005 temp.1946
16 13  3 15 12  3  213.285114 0.00005 temp.1947
16 13  4 15 12  4  213.285114 0.00005 temp.1948
18  5 13 17  4 13  214.769140 0.00005 temp.1949
16 14  3 15 13  3  217.759320 0.00005 temp.1950
16 14  2 15 13  2  217.759320 0.00005 temp.1951
18  3 15 17  2 15  217.801570 0.00005 temp.1952
18  4 15 17  3 15  217.801570 0.00005 temp.1953
16 14  3 15 13  3  217.869105 0.00005 temp.1954
16 14  2 15 13  2  217.869105 0.00005 temp.1955