  0.162119 0.00025 0.00025 0 0 0 0 0 0  6  0  6 a 0 0 0 0 0 0  6  1  6 s 88FuDiJoHa.720
  0.178925 0.00025 0.00025 0 0 0 0 0 0  8  0  8 a 0 0 0 0 0 0  8  1  8 s 88FuDiJoHa.721
  0.179860 0.00025 0.00025 0 0 0 0 0 0  7  1  7 a 0 0 0 0 0 0  7  0  7 s 88FuDiJoHa.722
  0.180597 0.00025 0.00025 0 0 0 0 0 0  8  1  8 a 0 0 0 0 0 0  8  0  8 s 88FuDiJoHa.723
  0.183293 0.00025 0.00025 0 0 0 0 0 0  9  0  9 a 0 0 0 0 0 0  9  1  9 s 88FuDiJoHa.724
  0.183719 0.00025 0.00025 0 0 0 0 0 0  9  1  9 a 0 0 0 0 0 0  9  0  9 s 88FuDiJoHa.725
  0.186165 0.00025 0.00025 0 0 0 0 0 0  6  1  6 a 0 0 0 0 0 0  6  0  6 s 88FuDiJoHa.726
  0.187862 0.00025 0.00025 0 0 0 0 0 0 10  0 10 a 0 0 0 0 0 0 10  1 10 s 88FuDiJoHa.727
  0.187969 0.00025 0.00025 0 0 0 0 0 0 10  1 10 a 0 0 0 0 0 0 10  0 10 s 88FuDiJoHa.728
  0.193015 0.00025 0.00025 0 0 0 0 0 0 11  0 11 a 0 0 0 0 0 0 11  1 11 s 88FuDiJoHa.729
  0.193039 0.00025 0.00025 0 0 0 0 0 0 11  1 11 a 0 0 0 0 0 0 11  0 11 s 88FuDiJoHa.730
  0.198881 0.00025 0.00025 0 0 0 0 0 0 12  1 12 a 0 0 0 0 0 0 12  0 12 s 88FuDiJoHa.731
  0.205538 0.00025 0.00025 0 0 0 0 0 0 13  0 13 a 0 0 0 0 0 0 13  1 13 s 88FuDiJoHa.732
  0.213055 0.00025 0.00025 0 0 0 0 0 0 14  0 14 a 0 0 0 0 0 0 14  1 14 s 88FuDiJoHa.733
  0.215519 0.00025 0.00025 0 0 0 0 0 0  5  1  5 a 0 0 0 0 0 0  5  0  5 s 88FuDiJoHa.734
  0.260226 0.00025 0.00025 0 0 0 0 0 0  6  2  5 s 0 0 0 0 0 0  6  1  5 a 88FuDiJoHa.735
  0.265580 0.00025 0.00025 0 0 0 0 0 0 19  1 19 a 0 0 0 0 0 0 19  0 19 s 88FuDiJoHa.737
  0.266247 0.00025 0.00025 0 0 0 0 0 0 19  0 19 a 0 0 0 0 0 0 19  1 19 s 88FuDiJoHa.736
  0.276322 0.00025 0.00025 0 0 0 0 0 0  3  1  3 s 0 0 0 0 0 0  3  0  3 a 88FuDiJoHa.738
  0.280717 0.00025 0.00025 0 0 0 0 0 0 20  1 20 a 0 0 0 0 0 0 20  0 20 s 88FuDiJoHa.740
  0.280717 0.00025 0.00025 0 0 0 0 0 0 20  0 20 a 0 0 0 0 0 0 20  1 20 s 88FuDiJoHa.739
  0.300437 0.00025 0.00025 0 0 0 0 0 0  7  2  6 a 0 0 0 0 0 0  7  1  6 s 88FuDiJoHa.741
  0.312920 0.00025 0.00025 0 0 0 0 0 0 17  6 12 a 0 0 0 0 0 0 17  5 12 s 88FuDiJoHa.742
  0.317469 0.00025 0.00025 0 0 0 0 0 0  4  1  4 a 0 0 0 0 0 0  4  0  4 s 88FuDiJoHa.743
  0.327826 0.00025 0.00025 0 0 0 0 0 0 12  4  9 a 0 0 0 0 0 0 12  3  9 s 88FuDiJoHa.744
  0.334009 0.00025 0.00025 0 0 0 0 0 0 19  7 13 s 0 0 0 0 0 0 19  6 13 a 88FuDiJoHa.745
  0.435892 0.00025 0.00025 0 0 0 0 0 0 11  4  8 s 0 0 0 0 0 0 11  3  8 a 88FuDiJoHa.746
  0.450050 0.00025 0.00025 0 0 0 0 0 0  9  3  7 a 0 0 0 0 0 0  9  2  7 s 88FuDiJoHa.747
  0.465229 0.00025 0.00025 0 0 0 0 0 0 14  5 10 a 0 0 0 0 0 0 14  4 10 s 88FuDiJoHa.748
  0.519940 0.00025 0.00025 0 0 0 0 0 0 16  6 11 s 0 0 0 0 0 0 16  5 11 a 88FuDiJoHa.749
  0.580153 0.00025 0.00025 0 0 0 0 0 0  6  2  5 a 0 0 0 0 0 0  6  1  5 s 88FuDiJoHa.750
  0.616487 0.00025 0.00025 0 0 0 0 0 0  3  1  3 a 0 0 0 0 0 0  3  0  3 s 88FuDiJoHa.751
  0.682087 0.00025 0.00025 0 0 0 0 0 0 16  6 11 s 0 0 0 0 0 0 16  5 11 a 88FuDiJoHa.752
  0.685104 0.00025 0.00025 0 0 0 0 0 0 11  4  8 a 0 0 0 0 0 0 11  3  8 s 88FuDiJoHa.753
  0.687434 0.00025 0.00025 0 0 0 0 0 0  8  3  6 s 0 0 0 0 0 0  8  2  6 a 88FuDiJoHa.754
  0.823071 0.00025 0.00025 0 0 0 0 0 0 13  5  9 s 0 0 0 0 0 0 13  4  9 a 88FuDiJoHa.755
  0.886003 0.00025 0.00025 0 0 0 0 0 0  2  1  2 s 0 0 0 0 0 0  2  0  2 a 88FuDiJoHa.756
  0.956612 0.00025 0.00025 0 0 0 0 0 0  5  2  4 s 0 0 0 0 0 0  5  1  4 a 88FuDiJoHa.757
  0.978013 0.00025 0.00025 0 0 0 0 0 0  8  3  6 a 0 0 0 0 0 0  8  2  6 s 88FuDiJoHa.758
  1.010098 0.00025 0.00025 0 0 0 0 0 0 18  7 12 a 0 0 0 0 0 0 18  6 12 s 88FuDiJoHa.759
  1.033238 0.00025 0.00025 0 0 0 0 0 0 13  5  9 a 0 0 0 0 0 0 13  4  9 s 88FuDiJoHa.760
  1.278451 0.00025 0.00025 0 0 0 0 0 0  5  2  4 a 0 0 0 0 0 0  5  1  4 s 88FuDiJoHa.761
  1.280481 0.00025 0.00025 0 0 0 0 0 0 10  4  7 s 0 0 0 0 0 0 10  3  7 a 88FuDiJoHa.762
  1.292180 0.00025 0.00025 0 0 0 0 0 0  2  1  2 a 0 0 0 0 0 0  2  0  2 s 88FuDiJoHa.763
  1.359265 0.00025 0.00025 0 0 0 0 0 0 15  6 10 s 0 0 0 0 0 0 15  5 10 a 88FuDiJoHa.764
  1.503324 0.00025 0.00025 0 0 0 0 0 0 10  4  7 a 0 0 0 0 0 0 10  3  7 s 88FuDiJoHa.766
  1.530823 0.00025 0.00025 0 0 0 0 0 0 15  6 10 a 0 0 0 0 0 0 15  5 10 s 88FuDiJoHa.765
  1.923823 0.00025 0.00025 0 0 0 0 0 0  1  1  1 s 0 0 0 0 0 0  1  0  1 a 88FuDiJoHa.767
  2.262950 0.00025 0.00025 0 0 0 0 0 0  1  1  1 a 0 0 0 0 0 0  1  0  1 s 88FuDiJoHa.768
  2.645257 0.00025 0.00025 0 0 0 0 0 0  4  2  3 a 0 0 0 0 0 0  4  1  3 s 88FuDiJoHa.770
  2.988121 0.00025 0.00025 0 0 0 0 0 0  4  2  3 s 0 0 0 0 0 0  4  1  3 a 88FuDiJoHa.769
  3.016707 0.00025 0.00025 0 0 0 0 0 0  9  4  6 s 0 0 0 0 0 0  9  3  6 a 88FuDiJoHa.771
  3.280643 0.00025 0.00025 0 0 0 0 0 0  9  4  6 a 0 0 0 0 0 0  9  3  6 s 88FuDiJoHa.772
  3.689648 0.00025 0.00025 0 0 0 0 0 0  1  1  0 a 0 0 0 0 0 0  1  0  1 a 88FuDiJoHa.773
  3.699116 0.00025 0.00025 0 0 0 0 0 0  1  1  0 s 0 0 0 0 0 0  1  0  1 s 88FuDiJoHa.774
  3.952868 0.00025 0.00025 0 0 0 0 0 0  6  3  4 s 0 0 0 0 0 0  6  2  4 a 88FuDiJoHa.775
  4.222834 0.00025 0.00025 0 0 0 0 0 0  3  2  2 s 0 0 0 0 0 0  3  1  2 a 88FuDiJoHa.776
  4.253723 0.00025 0.00025 0 0 0 0 0 0  6  3  4 a 0 0 0 0 0 0  6  2  4 s 88FuDiJoHa.777
  4.447572 0.00025 0.00025 0 0 0 0 0 0 11  5  7 s 0 0 0 0 0 0 11  4  7 a 88FuDiJoHa.778
  4.549228 0.00025 0.00025 0 0 0 0 0 0  3  2  2 a 0 0 0 0 0 0  3  1  2 s 88FuDiJoHa.779
  4.676461 0.00025 0.00025 0 0 0 0 0 0 11  5  7 a 0 0 0 0 0 0 11  4  7 s 88FuDiJoHa.780
  5.865916 0.00025 0.00025 0 0 0 0 0 0  8  4  5 s 0 0 0 0 0 0  8  3  5 a 88FuDiJoHa.781
  5.931426 0.00025 0.00025 0 0 0 0 0 0  2  1  1 a 0 0 0 0 0 0  2  0  2 a 88FuDiJoHa.782
  5.934825 0.00025 0.00025 0 0 0 0 0 0  2  1  1 s 0 0 0 0 0 0  2  0  2 s 88FuDiJoHa.783
  6.110505 0.00025 0.00025 0 0 0 0 0 0  2  2  1 s 0 0 0 0 0 0  2  1  1 a 88FuDiJoHa.784
  6.137175 0.00025 0.00025 0 0 0 0 0 0  8  4  5 a 0 0 0 0 0 0  8  3  5 s 88FuDiJoHa.785
  6.194895 0.00025 0.00025 0 0 0 0 0 0 13  6  8 s 0 0 0 0 0 0 13  5  8 a 88FuDiJoHa.786
  6.387585 0.00025 0.00025 0 0 0 0 0 0 13  6  8 a 0 0 0 0 0 0 13  5  8 s 88FuDiJoHa.787
  6.438047 0.00025 0.00025 0 0 0 0 0 0  2  2  1 a 0 0 0 0 0 0  2  1  1 s 88FuDiJoHa.788
  6.735052 0.00025 0.00025 0 0 0 0 0 0  5  3  3 s 0 0 0 0 0 0  5  2  3 a 88FuDiJoHa.789
  6.903838 0.00025 0.00025 0 0 0 0 0 0  2  2  0 a 0 0 0 0 0 0  2  1  1 a 88FuDiJoHa.790
  6.910464 0.00025 0.00025 0 0 0 0 0 0  2  2  0 s 0 0 0 0 0 0  2  1  1 s 88FuDiJoHa.791
  7.040095 0.00025 0.00025 0 0 0 0 0 0  5  3  3 a 0 0 0 0 0 0  5  2  3 s 88FuDiJoHa.792
  7.079794 0.00025 0.00025 0 0 0 0 0 0  3  2  1 a 0 0 0 0 0 0  3  1  2 a 88FuDiJoHa.793
  7.085283 0.00025 0.00025 0 0 0 0 0 0  3  2  1 s 0 0 0 0 0 0  3  1  2 s 88FuDiJoHa.794
  8.083198 0.00025 0.00025 0 0 0 0 0 0 10  5  6 s 0 0 0 0 0 0 10  4  6 a 88FuDiJoHa.795
  8.320759 0.00025 0.00025 0 0 0 0 0 0 10  5  6 a 0 0 0 0 0 0 10  4  6 s 88FuDiJoHa.796
  8.873712 0.00025 0.00025 0 0 0 0 0 0  4  2  2 a 0 0 0 0 0 0  4  1  3 a 88FuDiJoHa.797
  8.945323 0.00025 0.00025 0 0 0 0 0 0  4  2  2 s 0 0 0 0 0 0  4  1  3 s 88FuDiJoHa.798
  9.490487 0.00025 0.00025 0 0 0 0 0 0  7  4  4 s 0 0 0 0 0 0  7  3  4 a 88FuDiJoHa.799
  9.588792 0.00025 0.00025 0 0 0 0 0 0  4  3  2 s 0 0 0 0 0 0  4  2  2 a 88FuDiJoHa.800
  9.767392 0.00025 0.00025 0 0 0 0 0 0  7  4  4 a 0 0 0 0 0 0  7  3  4 s 88FuDiJoHa.801
  9.889411 0.00025 0.00025 0 0 0 0 0 0  3  1  2 a 0 0 0 0 0 0  3  0  3 a 88FuDiJoHa.802
  9.894041 0.00025 0.00025 0 0 0 0 0 0  3  1  2 s 0 0 0 0 0 0  3  0  3 s 88FuDiJoHa.803
  9.896457 0.00025 0.00025 0 0 0 0 0 0  4  3  2 a 0 0 0 0 0 0  4  2  2 s 88FuDiJoHa.804
 10.331024 0.00025 0.00025 0 0 0 0 0 0  5  3  2 a 0 0 0 0 0 0  5  2  3 a 88FuDiJoHa.805
 10.339226 0.00025 0.00025 0 0 0 0 0 0  5  3  2 s 0 0 0 0 0 0  5  2  3 s 88FuDiJoHa.806
 10.631634 0.00025 0.00025 0 0 0 0 0 0 12  6  7 s 0 0 0 0 0 0 12  5  7 a 88FuDiJoHa.807
 10.833475 0.00025 0.00025 0 0 0 0 0 0 12  6  7 a 0 0 0 0 0 0 12  5  7 s 88FuDiJoHa.808
 11.080683 0.00025 0.00025 0 0 0 0 0 0  2  2  1 a 0 0 0 0 0 0  2  1  2 a 88FuDiJoHa.809
 11.089203 0.00025 0.00025 0 0 0 0 0 0  2  2  1 s 0 0 0 0 0 0  2  1  2 s 88FuDiJoHa.810
 11.189292 0.00025 0.00025 0 0 0 0 0 0  1  1  1 a 0 0 0 0 0 0  0  0  0 a 88FuDiJoHa.811
 11.191543 0.00025 0.00025 0 0 0 0 0 0  1  1  1 s 0 0 0 0 0 0  0  0  0 s 88FuDiJoHa.812
 11.553107 0.00025 0.00025 0 0 0 0 0 0  2  2  0 s 0 0 0 0 0 0  2  1  2 a 88FuDiJoHa.813
 11.882527 0.00025 0.00025 0 0 0 0 0 0  2  2  0 a 0 0 0 0 0 0  2  1  2 s 88FuDiJoHa.814
 12.120147 0.00025 0.00025 0 0 0 0 0 0  5  2  3 a 0 0 0 0 0 0  5  1  4 a 88FuDiJoHa.818
 12.509837 0.00025 0.00025 0 0 0 0 0 0  9  5  5 s 0 0 0 0 0 0  9  4  5 a 88FuDiJoHa.815
 12.625415 0.00025 0.00025 0 0 0 0 0 0  1  1  0 s 0 0 0 0 0 0  0  0  0 a 88FuDiJoHa.816
 12.753791 0.00025 0.00025 0 0 0 0 0 0  9  5  5 a 0 0 0 0 0 0  9  4  5 s 88FuDiJoHa.817
 12.792299 0.00025 0.00025 0 0 0 0 0 0  5  2  3 s 0 0 0 0 0 0  5  1  4 s 88FuDiJoHa.819
 12.964033 0.00025 0.00025 0 0 0 0 0 0  1  1  0 a 0 0 0 0 0 0  0  0  0 s 88FuDiJoHa.820
 13.182863 0.00025 0.00025 0 0 0 0 0 0  6  4  3 s 0 0 0 0 0 0  6  3  3 a 88FuDiJoHa.821
 13.463287 0.00025 0.00025 0 0 0 0 0 0  6  4  3 a 0 0 0 0 0 0  6  3  3 s 88FuDiJoHa.822
 13.562817 0.00025 0.00025 0 0 0 0 0 0  7  4  3 a 0 0 0 0 0 0  7  3  4 a 88FuDiJoHa.823
 13.573727 0.00025 0.00025 0 0 0 0 0 0  7  4  3 s 0 0 0 0 0 0  7  3  4 s 88FuDiJoHa.824
 13.692496 0.00025 0.00025 0 0 0 0 0 0  2  0  2 s 0 0 0 0 0 0  1  1  0 a 88FuDiJoHa.825
 14.030852 0.00025 0.00025 0 0 0 0 0 0  2  0  2 a 0 0 0 0 0 0  1  1  0 s 88FuDiJoHa.826
 15.464985 0.00025 0.00025 0 0 0 0 0 0  2  0  2 s 0 0 0 0 0 0  1  1  1 s 88FuDiJoHa.827
 15.466983 0.00025 0.00025 0 0 0 0 0 0  2  0  2 a 0 0 0 0 0 0  1  1  1 a 88FuDiJoHa.828
 15.810149 0.00025 0.00025 0 0 0 0 0 0 11  6  6 s 0 0 0 0 0 0 11  5  6 a 88FuDiJoHa.829
 16.018461 0.00025 0.00025 0 0 0 0 0 0 11  6  6 a 0 0 0 0 0 0 11  5  6 s 88FuDiJoHa.830
 16.932103 0.00025 0.00025 0 0 0 0 0 0  8  5  4 s 0 0 0 0 0 0  8  4  4 a 88FuDiJoHa.831
 17.114860 0.00025 0.00025 0 0 0 0 0 0  4  3  1 s 0 0 0 0 0 0  4  2  3 a   88FuDiJoHa.1
 17.179790 0.00025 0.00025 0 0 0 0 0 0  8  5  4 a 0 0 0 0 0 0  8  4  4 s 88FuDiJoHa.832
 19.320910 0.00025 0.00025 0 0 0 0 0 0  4  4  0 s 0 0 0 0 0 0  4  3  2 a   88FuDiJoHa.2
 20.027680 0.00025 0.00025 0 0 0 0 0 0  5  4  1 s 0 0 0 0 0 0  5  3  3 a   88FuDiJoHa.3
 20.306060 0.00025 0.00025 0 0 0 0 0 0  5  4  1 a 0 0 0 0 0 0  5  3  3 s   88FuDiJoHa.4
 20.583230 0.00025 0.00025 0 0 0 0 0 0  7  5  3 s 0 0 0 0 0 0  7  4  3 a   88FuDiJoHa.5
 22.162280 0.00025 0.00025 0 0 0 0 0 0  5  3  2 a 0 0 0 0 0 0  5  2  4 s   88FuDiJoHa.6
 22.186580 0.00025 0.00025 0 0 0 0 0 0  6  4  2 s 0 0 0 0 0 0  6  3  4 a   88FuDiJoHa.7
 22.428260 0.00025 0.00025 0 0 0 0 0 0  3  1  2 a 0 0 0 0 0 0  2  2  0 s   88FuDiJoHa.8
 22.495820 0.00025 0.00025 0 0 0 0 0 0  4  0  4 s 0 0 0 0 0 0  3  1  2 a   88FuDiJoHa.9
 22.959570 0.00025 0.00025 0 0 0 0 0 0  6  5  2 s 0 0 0 0 0 0  6  4  2 a  88FuDiJoHa.10
 23.245590 0.00025 0.00025 0 0 0 0 0 0  6  5  2 a 0 0 0 0 0 0  6  4  2 s  88FuDiJoHa.11
 23.323820 0.00025 0.00025 0 0 0 0 0 0  2  1  1 s 0 0 0 0 0 0  1  0  1 a  88FuDiJoHa.12
 23.661670 0.00025 0.00025 0 0 0 0 0 0  2  1  1 a 0 0 0 0 0 0  1  0  1 s  88FuDiJoHa.13
 24.141750 0.00025 0.00025 0 0 0 0 0 0  5  5  1 s 0 0 0 0 0 0  5  4  1 a  88FuDiJoHa.14
 24.382350 0.00025 0.00025 0 0 0 0 0 0  6  5  1 s 0 0 0 0 0 0  6  4  3 a  88FuDiJoHa.15
 24.416980 0.00025 0.00025 0 0 0 0 0 0  5  5  1 a 0 0 0 0 0 0  5  4  1 s  88FuDiJoHa.16
 24.473480 0.00025 0.00025 0 0 0 0 0 0  5  5  0 s 0 0 0 0 0 0  5  4  2 a  88FuDiJoHa.17
 24.667650 0.00025 0.00025 0 0 0 0 0 0  6  5  1 a 0 0 0 0 0 0  6  4  3 s  88FuDiJoHa.18
 24.747760 0.00025 0.00025 0 0 0 0 0 0  5  5  0 a 0 0 0 0 0 0  5  4  2 s  88FuDiJoHa.19
 24.943670 0.00025 0.00025 0 0 0 0 0 0  9  6  4 s 0 0 0 0 0 0  9  5  4 a  88FuDiJoHa.20
 25.155550 0.00025 0.00025 0 0 0 0 0 0  9  6  4 a 0 0 0 0 0 0  9  5  4 s  88FuDiJoHa.21
 25.197450 0.00025 0.00025 0 0 0 0 0 0  7  5  2 a 0 0 0 0 0 0  7  4  4 s  88FuDiJoHa.22
 26.537790 0.00025 0.00025 0 0 0 0 0 0  2  2  0 s 0 0 0 0 0 0  1  1  0 a  88FuDiJoHa.23
 26.798440 0.00025 0.00025 0 0 0 0 0 0  7  4  3 s 0 0 0 0 0 0  7  3  5 a  88FuDiJoHa.24
 26.865880 0.00025 0.00025 0 0 0 0 0 0  2  2  0 a 0 0 0 0 0 0  1  1  0 s  88FuDiJoHa.25
 26.920760 0.00025 0.00025 0 0 0 0 0 0  8  5  3 s 0 0 0 0 0 0  8  4  5 a  88FuDiJoHa.26
 27.079100 0.00025 0.00025 0 0 0 0 0 0  7  4  3 a 0 0 0 0 0 0  7  3  5 s  88FuDiJoHa.27
 27.508620 0.00025 0.00025 0 0 0 0 0 0  2  2  1 s 0 0 0 0 0 0  1  1  1 a  88FuDiJoHa.28
 27.614230 0.00025 0.00025 0 0 0 0 0 0  8  6  3 s 0 0 0 0 0 0  8  5  3 a  88FuDiJoHa.29
 27.797730 0.00025 0.00025 0 0 0 0 0 0  8  6  2 s 0 0 0 0 0 0  8  5  3 s  88FuDiJoHa.30
 27.837400 0.00025 0.00025 0 0 0 0 0 0  2  2  1 a 0 0 0 0 0 0  1  1  1 s  88FuDiJoHa.31
 27.889640 0.00025 0.00025 0 0 0 0 0 0  8  6  3 a 0 0 0 0 0 0  8  5  3 s  88FuDiJoHa.32
 29.033100 0.00025 0.00025 0 0 0 0 0 0  7  6  2 s 0 0 0 0 0 0  7  5  2 a  88FuDiJoHa.33
 29.232120 0.00025 0.00025 0 0 0 0 0 0  8  6  2 s 0 0 0 0 0 0  8  5  4 a  88FuDiJoHa.34
 29.281770 0.00025 0.00025 0 0 0 0 0 0  7  6  2 a 0 0 0 0 0 0  7  5  2 s  88FuDiJoHa.35
 29.473990 0.00025 0.00025 0 0 0 0 0 0  7  6  1 s 0 0 0 0 0 0  7  5  3 a  88FuDiJoHa.36
 29.506210 0.00025 0.00025 0 0 0 0 0 0  8  6  2 a 0 0 0 0 0 0  8  5  4 s  88FuDiJoHa.37
 29.712230 0.00025 0.00025 0 0 0 0 0 0  6  6  1 s 0 0 0 0 0 0  6  5  1 a  88FuDiJoHa.38
 29.722230 0.00025 0.00025 0 0 0 0 0 0  7  6  1 a 0 0 0 0 0 0  7  5  3 s  88FuDiJoHa.39
 29.772650 0.00025 0.00025 0 0 0 0 0 0  6  6  0 s 0 0 0 0 0 0  6  5  2 a  88FuDiJoHa.40
 29.868690 0.00025 0.00025 0 0 0 0 0 0  9  6  3 a 0 0 0 0 0 0  9  5  5 s  88FuDiJoHa.41
 30.001150 0.00025 0.00025 0 0 0 0 0 0  6  6  1 a 0 0 0 0 0 0  6  5  1 s  88FuDiJoHa.42
 30.061040 0.00025 0.00025 0 0 0 0 0 0  6  6  0 a 0 0 0 0 0 0  6  5  2 s  88FuDiJoHa.43
 30.512620 0.00025 0.00025 0 0 0 0 0 0  4  1  3 s 0 0 0 0 0 0  3  2  1 a  88FuDiJoHa.44
 30.838710 0.00025 0.00025 0 0 0 0 0 0  4  1  3 a 0 0 0 0 0 0  3  2  1 s  88FuDiJoHa.45
 31.399190 0.00025 0.00025 0 0 0 0 0 0 10  6  4 s 0 0 0 0 0 0 10  5  6 a  88FuDiJoHa.46
 31.572410 0.00025 0.00025 0 0 0 0 0 0  9  5  4 a 0 0 0 0 0 0  9  4  6 s  88FuDiJoHa.47
 32.213900 0.00025 0.00025 0 0 0 0 0 0 10  7  4 s 0 0 0 0 0 0 10  6  4 a  88FuDiJoHa.48
 33.218460 0.00025 0.00025 0 0 0 0 0 0  6  2  5 s 0 0 0 0 0 0  5  3  3 a  88FuDiJoHa.49
 33.524430 0.00025 0.00025 0 0 0 0 0 0  6  2  5 a 0 0 0 0 0 0  5  3  3 s  88FuDiJoHa.50
 33.799800 0.00025 0.00025 0 0 0 0 0 0  9  7  3 s 0 0 0 0 0 0  9  6  3 a  88FuDiJoHa.51
 34.019600 0.00025 0.00025 0 0 0 0 0 0  9  7  3 a 0 0 0 0 0 0  9  6  3 s  88FuDiJoHa.52
 34.027020 0.00025 0.00025 0 0 0 0 0 0 10  7  4 a 0 0 0 0 0 0 10  6  5 a  88FuDiJoHa.53
 34.183050 0.00025 0.00025 0 0 0 0 0 0 10  7  3 a 0 0 0 0 0 0 10  6  5 s  88FuDiJoHa.54
 34.282470 0.00025 0.00025 0 0 0 0 0 0  8  4  4 s 0 0 0 0 0 0  8  3  6 a  88FuDiJoHa.55
 34.314700 0.00025 0.00025 0 0 0 0 0 0  9  7  2 s 0 0 0 0 0 0  9  6  4 a  88FuDiJoHa.56
 34.370540 0.00025 0.00025 0 0 0 0 0 0 11  7  4 a 0 0 0 0 0 0 11  6  6 s  88FuDiJoHa.57
 34.532930 0.00025 0.00025 0 0 0 0 0 0  9  7  2 a 0 0 0 0 0 0  9  6  4 s  88FuDiJoHa.58
 34.705490 0.00025 0.00025 0 0 0 0 0 0  8  7  1 s 0 0 0 0 0 0  8  6  3 a  88FuDiJoHa.59
 34.920730 0.00025 0.00025 0 0 0 0 0 0  8  7  2 a 0 0 0 0 0 0  8  6  2 s  88FuDiJoHa.60
 34.936950 0.00025 0.00025 0 0 0 0 0 0  3  1  2 s 0 0 0 0 0 0  2  0  2 a  88FuDiJoHa.61
 34.989420 0.00025 0.00025 0 0 0 0 0 0  8  7  1 a 0 0 0 0 0 0  8  6  3 s  88FuDiJoHa.62
 35.098560 0.00025 0.00025 0 0 0 0 0 0  7  7  1 s 0 0 0 0 0 0  7  6  1 a  88FuDiJoHa.63
 35.111270 0.00025 0.00025 0 0 0 0 0 0  7  7  0 s 0 0 0 0 0 0  7  6  2 a  88FuDiJoHa.64
 35.273050 0.00025 0.00025 0 0 0 0 0 0  3  1  2 a 0 0 0 0 0 0  2  0  2 s  88FuDiJoHa.65
 35.359050 0.00025 0.00025 0 0 0 0 0 0  7  7  1 a 0 0 0 0 0 0  7  6  1 s  88FuDiJoHa.66
 35.371740 0.00025 0.00025 0 0 0 0 0 0  7  7  0 a 0 0 0 0 0 0  7  6  2 s  88FuDiJoHa.67
 36.090670 0.00025 0.00025 0 0 0 0 0 0  3  2  1 s 0 0 0 0 0 0  2  1  1 a  88FuDiJoHa.68
 36.318200 0.00025 0.00025 0 0 0 0 0 0  5  1  4 s 0 0 0 0 0 0  4  2  2 a  88FuDiJoHa.69
 36.418110 0.00025 0.00025 0 0 0 0 0 0  3  2  1 a 0 0 0 0 0 0  2  1  1 s  88FuDiJoHa.70
 36.640160 0.00025 0.00025 0 0 0 0 0 0  5  1  4 a 0 0 0 0 0 0  4  2  2 s  88FuDiJoHa.71
 37.593170 0.00025 0.00025 0 0 0 0 0 0  7  2  6 s 0 0 0 0 0 0  6  3  4 a  88FuDiJoHa.72
 37.899820 0.00025 0.00025 0 0 0 0 0 0  7  2  6 a 0 0 0 0 0 0  6  3  4 s  88FuDiJoHa.73
 38.203740 0.00025 0.00025 0 0 0 0 0 0  3  2  2 s 0 0 0 0 0 0  2  1  2 a  88FuDiJoHa.74
 38.306880 0.00025 0.00025 0 0 0 0 0 0  5  2  3 s 0 0 0 0 0 0  4  3  1 a  88FuDiJoHa.75
 38.467120 0.00025 0.00025 0 0 0 0 0 0 11  8  4 s 0 0 0 0 0 0 11  7  4 a  88FuDiJoHa.76
 38.533390 0.00025 0.00025 0 0 0 0 0 0  3  2  2 a 0 0 0 0 0 0  2  1  2 s  88FuDiJoHa.77
 38.612370 0.00025 0.00025 0 0 0 0 0 0  5  2  3 a 0 0 0 0 0 0  4  3  1 s  88FuDiJoHa.78
 38.717280 0.00025 0.00025 0 0 0 0 0 0 10  5  5 s 0 0 0 0 0 0 10  4  7 a  88FuDiJoHa.79
 39.354050 0.00025 0.00025 0 0 0 0 0 0  7  3  4 a 0 0 0 0 0 0  7  2  6 s  88FuDiJoHa.80
 39.426530 0.00025 0.00025 0 0 0 0 0 0 10  8  3 s 0 0 0 0 0 0 10  7  3 a  88FuDiJoHa.81
 39.679980 0.00025 0.00025 0 0 0 0 0 0  6  1  5 s 0 0 0 0 0 0  5  2  3 a  88FuDiJoHa.82
 39.707340 0.00025 0.00025 0 0 0 0 0 0 10  8  3 a 0 0 0 0 0 0 10  7  3 s  88FuDiJoHa.83
 39.999350 0.00025 0.00025 0 0 0 0 0 0  6  1  5 a 0 0 0 0 0 0  5  2  3 s  88FuDiJoHa.84
 40.016020 0.00025 0.00025 0 0 0 0 0 0  9  8  1 s 0 0 0 0 0 0  9  7  3 a  88FuDiJoHa.85
 40.238130 0.00025 0.00025 0 0 0 0 0 0  9  8  2 a 0 0 0 0 0 0  9  7  2 s  88FuDiJoHa.86
 40.254070 0.00025 0.00025 0 0 0 0 0 0  9  8  1 a 0 0 0 0 0 0  9  7  3 s  88FuDiJoHa.87
 40.369770 0.00025 0.00025 0 0 0 0 0 0  8  8  0 s 0 0 0 0 0 0  8  7  2 a  88FuDiJoHa.88
 40.369770 0.00025 0.00025 0 0 0 0 0 0  8  8  1 s 0 0 0 0 0 0  8  7  1 a  88FuDiJoHa.89
 40.606230 0.00025 0.00025 0 0 0 0 0 0  8  8  0 a 0 0 0 0 0 0  8  7  2 s  88FuDiJoHa.91
 40.606230 0.00025 0.00025 0 0 0 0 0 0  8  8  1 a 0 0 0 0 0 0  8  7  1 s  88FuDiJoHa.90
 41.407390 0.00025 0.00025 0 0 0 0 0 0  3  3  0 s 0 0 0 0 0 0  2  2  0 a  88FuDiJoHa.92
 41.420290 0.00025 0.00025 0 0 0 0 0 0  8  2  7 a 0 0 0 0 0 0  7  3  5 s  88FuDiJoHa.93
 41.471520 0.00025 0.00025 0 0 0 0 0 0  3  3  1 a 0 0 0 0 0 0  2  2  0 a  88FuDiJoHa.94
 41.553040 0.00025 0.00025 0 0 0 0 0 0  7  1  6 s 0 0 0 0 0 0  6  2  4 a  88FuDiJoHa.95
 41.762470 0.00025 0.00025 0 0 0 0 0 0  3  3  0 a 0 0 0 0 0 0  2  2  0 s  88FuDiJoHa.96
 41.865160 0.00025 0.00025 0 0 0 0 0 0  7  1  6 a 0 0 0 0 0 0  6  2  4 s  88FuDiJoHa.97
 41.909920 0.00025 0.00025 0 0 0 0 0 0  3  3  1 s 0 0 0 0 0 0  2  2  1 a  88FuDiJoHa.98
 42.200930 0.00025 0.00025 0 0 0 0 0 0  3  3  0 s 0 0 0 0 0 0  2  2  1 s  88FuDiJoHa.99
 42.264600 0.00025 0.00025 0 0 0 0 0 0  3  3  1 a 0 0 0 0 0 0  2  2  1 s 88FuDiJoHa.100
 42.475430 0.00025 0.00025 0 0 0 0 0 0  7  3  5 s 0 0 0 0 0 0  6  4  3 a 88FuDiJoHa.101
 42.537860 0.00025 0.00025 0 0 0 0 0 0  6  3  3 s 0 0 0 0 0 0  5  4  1 a 88FuDiJoHa.102
 42.753500 0.00025 0.00025 0 0 0 0 0 0  7  3  5 a 0 0 0 0 0 0  6  4  3 s 88FuDiJoHa.103
 42.815580 0.00025 0.00025 0 0 0 0 0 0  6  3  3 a 0 0 0 0 0 0  5  4  1 s 88FuDiJoHa.104
 43.390370 0.00025 0.00025 0 0 0 0 0 0  8  1  7 a 0 0 0 0 0 0  7  2  5 s 88FuDiJoHa.105
 44.504520 0.00025 0.00025 0 0 0 0 0 0  9  4  5 a 0 0 0 0 0 0  9  3  7 s 88FuDiJoHa.106
 44.886060 0.00025 0.00025 0 0 0 0 0 0  7  4  3 s 0 0 0 0 0 0  6  5  1 a 88FuDiJoHa.107
 44.975990 0.00025 0.00025 0 0 0 0 0 0 11  9  3 a 0 0 0 0 0 0 11  8  3 s 88FuDiJoHa.108
 44.994890 0.00025 0.00025 0 0 0 0 0 0 11  9  2 a 0 0 0 0 0 0 11  8  4 s 88FuDiJoHa.109
 45.172130 0.00025 0.00025 0 0 0 0 0 0  7  4  3 a 0 0 0 0 0 0  6  5  1 s 88FuDiJoHa.110
 45.218090 0.00025 0.00025 0 0 0 0 0 0 10  9  1 s 0 0 0 0 0 0 10  8  3 a 88FuDiJoHa.111
 45.430760 0.00025 0.00025 0 0 0 0 0 0 10  9  1 a 0 0 0 0 0 0 10  8  3 s 88FuDiJoHa.112
 45.530390 0.00025 0.00025 0 0 0 0 0 0  9  9  0 s 0 0 0 0 0 0  9  8  2 a 88FuDiJoHa.114
 45.530390 0.00025 0.00025 0 0 0 0 0 0  9  9  1 s 0 0 0 0 0 0  9  8  1 a 88FuDiJoHa.113
 45.746640 0.00025 0.00025 0 0 0 0 0 0  9  9  1 a 0 0 0 0 0 0  9  8  1 s 88FuDiJoHa.115
 45.746640 0.00025 0.00025 0 0 0 0 0 0  9  9  0 a 0 0 0 0 0 0  9  8  2 s 88FuDiJoHa.116
 46.538060 0.00025 0.00025 0 0 0 0 0 0  4  2  2 s 0 0 0 0 0 0  3  1  2 a 88FuDiJoHa.117
 46.863440 0.00025 0.00025 0 0 0 0 0 0  4  2  2 a 0 0 0 0 0 0  3  1  2 s 88FuDiJoHa.118
 47.482080 0.00025 0.00025 0 0 0 0 0 0  4  1  3 s 0 0 0 0 0 0  3  0  3 a 88FuDiJoHa.119
 47.500680 0.00025 0.00025 0 0 0 0 0 0  6  2  4 s 0 0 0 0 0 0  5  3  2 a 88FuDiJoHa.120
 47.803980 0.00025 0.00025 0 0 0 0 0 0  6  2  4 a 0 0 0 0 0 0  5  3  2 s 88FuDiJoHa.121
 47.816560 0.00025 0.00025 0 0 0 0 0 0  4  1  3 a 0 0 0 0 0 0  3  0  3 s 88FuDiJoHa.122
 48.434220 0.00025 0.00025 0 0 0 0 0 0  8  3  6 s 0 0 0 0 0 0  7  4  4 a 88FuDiJoHa.123
 48.710030 0.00025 0.00025 0 0 0 0 0 0  8  3  6 a 0 0 0 0 0 0  7  4  4 s 88FuDiJoHa.124
 49.521180 0.00025 0.00025 0 0 0 0 0 0  4  2  3 s 0 0 0 0 0 0  3  1  3 a 88FuDiJoHa.125
 49.787290 0.00025 0.00025 0 0 0 0 0 0  8  4  5 s 0 0 0 0 0 0  7  5  3 a 88FuDiJoHa.126
 49.850980 0.00025 0.00025 0 0 0 0 0 0  4  2  3 a 0 0 0 0 0 0  3  1  3 s 88FuDiJoHa.127
 50.030340 0.00025 0.00025 0 0 0 0 0 0  8  4  5 a 0 0 0 0 0 0  7  5  3 s 88FuDiJoHa.128
 50.273080 0.00025 0.00025 0 0 0 0 0 0  4  3  1 s 0 0 0 0 0 0  3  2  1 a 88FuDiJoHa.129
 50.562000 0.00025 0.00025 0 0 0 0 0 0  4  3  1 a 0 0 0 0 0 0  3  2  1 s 88FuDiJoHa.130
 51.902600 0.00025 0.00025 0 0 0 0 0 0  4  3  2 s 0 0 0 0 0 0  3  2  2 a 88FuDiJoHa.131
 52.211570 0.00025 0.00025 0 0 0 0 0 0  4  3  2 a 0 0 0 0 0 0  3  2  2 s 88FuDiJoHa.132
 53.157220 0.00025 0.00025 0 0 0 0 0 0  9  3  7 s 0 0 0 0 0 0  8  4  5 a 88FuDiJoHa.133
 53.430630 0.00025 0.00025 0 0 0 0 0 0  9  3  7 a 0 0 0 0 0 0  8  4  5 s 88FuDiJoHa.134
 53.778510 0.00025 0.00025 0 0 0 0 0 0  7  2  5 s 0 0 0 0 0 0  6  3  3 a 88FuDiJoHa.135
 54.076070 0.00025 0.00025 0 0 0 0 0 0  7  2  5 a 0 0 0 0 0 0  6  3  3 s 88FuDiJoHa.136
 54.482230 0.00025 0.00025 0 0 0 0 0 0  7  3  4 s 0 0 0 0 0 0  6  4  2 a 88FuDiJoHa.137
 54.760970 0.00025 0.00025 0 0 0 0 0 0  7  3  4 a 0 0 0 0 0 0  6  4  2 s 88FuDiJoHa.138
 55.634690 0.00025 0.00025 0 0 0 0 0 0  9  5  5 a 0 0 0 0 0 0  8  6  3 s 88FuDiJoHa.139
 56.420440 0.00025 0.00025 0 0 0 0 0 0  4  4  0 s 0 0 0 0 0 0  3  3  0 a 88FuDiJoHa.140
 56.518240 0.00025 0.00025 0 0 0 0 0 0  4  4  1 s 0 0 0 0 0 0  3  3  1 a 88FuDiJoHa.141
 56.582520 0.00025 0.00025 0 0 0 0 0 0  4  4  1 s 0 0 0 0 0 0  3  3  0 s 88FuDiJoHa.142
 56.706180 0.00025 0.00025 0 0 0 0 0 0  4  4  0 a 0 0 0 0 0 0  3  3  1 a 88FuDiJoHa.143
 56.770330 0.00025 0.00025 0 0 0 0 0 0  4  4  0 a 0 0 0 0 0 0  3  3  0 s 88FuDiJoHa.144
 56.867980 0.00025 0.00025 0 0 0 0 0 0  4  4  1 a 0 0 0 0 0 0  3  3  1 s 88FuDiJoHa.145
 57.177550 0.00025 0.00025 0 0 0 0 0 0 10  3  8 a 0 0 0 0 0 0  9  4  6 s 88FuDiJoHa.146
 57.222500 0.00025 0.00025 0 0 0 0 0 0  8  2  6 s 0 0 0 0 0 0  7  3  4 a 88FuDiJoHa.147
 57.444990 0.00025 0.00025 0 0 0 0 0 0  9  4  6 s 0 0 0 0 0 0  8  5  4 a 88FuDiJoHa.148
 57.513890 0.00025 0.00025 0 0 0 0 0 0  8  2  6 a 0 0 0 0 0 0  7  3  4 s 88FuDiJoHa.149
 57.688670 0.00025 0.00025 0 0 0 0 0 0  9  4  6 a 0 0 0 0 0 0  8  5  4 s 88FuDiJoHa.150
 57.794860 0.00025 0.00025 0 0 0 0 0 0  8  4  4 s 0 0 0 0 0 0  7  5  2 a 88FuDiJoHa.151
 58.052020 0.00025 0.00025 0 0 0 0 0 0  5  2  3 s 0 0 0 0 0 0  4  1  3 a 88FuDiJoHa.152
 58.372850 0.00025 0.00025 0 0 0 0 0 0  5  2  3 a 0 0 0 0 0 0  4  1  3 s 88FuDiJoHa.153
 58.847520 0.00025 0.00025 0 0 0 0 0 0  9  2  7 s 0 0 0 0 0 0  8  3  5 a 88FuDiJoHa.154
 59.131360 0.00025 0.00025 0 0 0 0 0 0  9  2  7 a 0 0 0 0 0 0  8  3  5 s 88FuDiJoHa.155
 59.450700 0.00025 0.00025 0 0 0 0 0 0  5  3  2 s 0 0 0 0 0 0  4  2  2 a 88FuDiJoHa.156
 59.509350 0.00025 0.00025 0 0 0 0 0 0  9  5  4 s 0 0 0 0 0 0  8  6  2 a 88FuDiJoHa.157
 59.758600 0.00025 0.00025 0 0 0 0 0 0  5  3  2 a 0 0 0 0 0 0  4  2  2 s 88FuDiJoHa.158
 59.946890 0.00025 0.00025 0 0 0 0 0 0 10  2  8 s 0 0 0 0 0 0  9  3  6 a 88FuDiJoHa.159
 60.350820 0.00025 0.00025 0 0 0 0 0 0  5  1  4 s 0 0 0 0 0 0  4  0  4 a 88FuDiJoHa.160
 60.663860 0.00025 0.00025 0 0 0 0 0 0  5  1  4 a 0 0 0 0 0 0  4  0  4 s 88FuDiJoHa.161
 60.666410 0.00025 0.00025 0 0 0 0 0 0  6  5  1 a 0 0 0 0 0 0  5  4  1 s 88FuDiJoHa.214
 61.323050 0.00025 0.00025 0 0 0 0 0 0  5  2  4 s 0 0 0 0 0 0  4  1  4 a 88FuDiJoHa.162
 61.653600 0.00025 0.00025 0 0 0 0 0 0  5  2  4 a 0 0 0 0 0 0  4  1  4 s 88FuDiJoHa.163
 62.462870 0.00025 0.00025 0 0 0 0 0 0  5  3  3 s 0 0 0 0 0 0  4  2  3 a 88FuDiJoHa.164
 62.770960 0.00025 0.00025 0 0 0 0 0 0  5  3  3 a 0 0 0 0 0 0  4  2  3 s 88FuDiJoHa.165
 63.793770 0.00025 0.00025 0 0 0 0 0 0 10  4  7 s 0 0 0 0 0 0  9  5  5 a 88FuDiJoHa.166
 64.033800 0.00025 0.00025 0 0 0 0 0 0 10  4  7 a 0 0 0 0 0 0  9  5  5 s 88FuDiJoHa.167
 64.687880 0.00025 0.00025 0 0 0 0 0 0 10  5  6 a 0 0 0 0 0 0  9  6  4 s 88FuDiJoHa.168
 65.180380 0.00025 0.00025 0 0 0 0 0 0  5  4  2 a 0 0 0 0 0 0  4  3  1 a 88FuDiJoHa.169
 65.375000 0.00025 0.00025 0 0 0 0 0 0  5  4  1 s 0 0 0 0 0 0  4  3  1 a 88FuDiJoHa.170
 65.653780 0.00025 0.00025 0 0 0 0 0 0  5  4  1 a 0 0 0 0 0 0  4  3  1 s 88FuDiJoHa.171
 66.118110 0.00025 0.00025 0 0 0 0 0 0  5  4  2 s 0 0 0 0 0 0  4  3  2 a 88FuDiJoHa.172
 66.395680 0.00025 0.00025 0 0 0 0 0 0  5  4  2 a 0 0 0 0 0 0  4  3  2 s 88FuDiJoHa.173
 66.590650 0.00025 0.00025 0 0 0 0 0 0  5  4  1 s 0 0 0 0 0 0  4  3  2 s 88FuDiJoHa.174
 67.242070 0.00025 0.00025 0 0 0 0 0 0  4  3  1 s 0 0 0 0 0 0  3  0  3 a 88FuDiJoHa.175
 67.562020 0.00025 0.00025 0 0 0 0 0 0  4  3  1 a 0 0 0 0 0 0  3  0  3 s 88FuDiJoHa.176
 69.579360 0.00025 0.00025 0 0 0 0 0 0  6  3  3 s 0 0 0 0 0 0  5  2  3 a 88FuDiJoHa.177
 69.883950 0.00025 0.00025 0 0 0 0 0 0  6  3  3 a 0 0 0 0 0 0  5  2  3 s 88FuDiJoHa.178
 70.054360 0.00025 0.00025 0 0 0 0 0 0 11  6  6 a 0 0 0 0 0 0 10  7  4 s 88FuDiJoHa.179
 70.495130 0.00025 0.00025 0 0 0 0 0 0  9  4  5 s 0 0 0 0 0 0  8  5  3 a 88FuDiJoHa.180
 70.619310 0.00025 0.00025 0 0 0 0 0 0  6  2  4 s 0 0 0 0 0 0  5  1  4 a 88FuDiJoHa.181
 70.740250 0.00025 0.00025 0 0 0 0 0 0  9  4  5 a 0 0 0 0 0 0  8  5  3 s 88FuDiJoHa.182
 70.935040 0.00025 0.00025 0 0 0 0 0 0  6  2  4 a 0 0 0 0 0 0  5  1  4 s 88FuDiJoHa.183
 71.244520 0.00025 0.00025 0 0 0 0 0 0  5  5  0 s 0 0 0 0 0 0  4  4  0 a 88FuDiJoHa.184
 71.271050 0.00025 0.00025 0 0 0 0 0 0  5  5  1 s 0 0 0 0 0 0  4  4  1 a 88FuDiJoHa.185
 71.339920 0.00025 0.00025 0 0 0 0 0 0  9  3  6 s 0 0 0 0 0 0  8  4  4 a 88FuDiJoHa.186
 71.393780 0.00025 0.00025 0 0 0 0 0 0  5  5  1 s 0 0 0 0 0 0  4  4  0 s 88FuDiJoHa.187
 71.423240 0.00025 0.00025 0 0 0 0 0 0  5  5  0 a 0 0 0 0 0 0  4  4  1 a 88FuDiJoHa.188
 71.545400 0.00025 0.00025 0 0 0 0 0 0  5  5  0 a 0 0 0 0 0 0  4  4  0 s 88FuDiJoHa.189
 71.571760 0.00025 0.00025 0 0 0 0 0 0  5  5  1 a 0 0 0 0 0 0  4  4  1 s 88FuDiJoHa.190
 71.607800 0.00025 0.00025 0 0 0 0 0 0  9  3  6 a 0 0 0 0 0 0  8  4  4 s 88FuDiJoHa.191
 72.497930 0.00025 0.00025 0 0 0 0 0 0 11  5  7 s 0 0 0 0 0 0 10  6  5 a 88FuDiJoHa.192
 72.711710 0.00025 0.00025 0 0 0 0 0 0  6  4  3 a 0 0 0 0 0 0  5  3  2 a 88FuDiJoHa.193
 72.882370 0.00025 0.00025 0 0 0 0 0 0 10  5  5 s 0 0 0 0 0 0  9  6  3 a 88FuDiJoHa.194
 73.046190 0.00025 0.00025 0 0 0 0 0 0  6  1  5 s 0 0 0 0 0 0  5  0  5 a 88FuDiJoHa.195
 73.381110 0.00025 0.00025 0 0 0 0 0 0  6  1  5 a 0 0 0 0 0 0  5  0  5 s 88FuDiJoHa.196
 73.425490 0.00025 0.00025 0 0 0 0 0 0  6  2  5 s 0 0 0 0 0 0  5  1  5 a 88FuDiJoHa.197
 73.609430 0.00025 0.00025 0 0 0 0 0 0  6  3  4 s 0 0 0 0 0 0  5  2  4 a 88FuDiJoHa.198
 73.757350 0.00025 0.00025 0 0 0 0 0 0  6  2  5 a 0 0 0 0 0 0  5  1  5 s 88FuDiJoHa.199
 73.916340 0.00025 0.00025 0 0 0 0 0 0  6  3  4 a 0 0 0 0 0 0  5  2  4 s 88FuDiJoHa.200
 73.942100 0.00025 0.00025 0 0 0 0 0 0  6  4  2 s 0 0 0 0 0 0  5  3  2 a 88FuDiJoHa.201
 74.224590 0.00025 0.00025 0 0 0 0 0 0  6  4  2 a 0 0 0 0 0 0  5  3  2 s 88FuDiJoHa.202
 75.007340 0.00025 0.00025 0 0 0 0 0 0 10  3  7 s 0 0 0 0 0 0  9  4  5 a 88FuDiJoHa.203
 75.268160 0.00025 0.00025 0 0 0 0 0 0 10  3  7 a 0 0 0 0 0 0  9  4  5 s 88FuDiJoHa.204
 76.026420 0.00025 0.00025 0 0 0 0 0 0  6  4  3 s 0 0 0 0 0 0  5  3  3 a 88FuDiJoHa.205
 76.307280 0.00025 0.00025 0 0 0 0 0 0  6  4  3 a 0 0 0 0 0 0  5  3  3 s 88FuDiJoHa.206
 76.479230 0.00025 0.00025 0 0 0 0 0 0 11  3  8 s 0 0 0 0 0 0 10  4  6 a 88FuDiJoHa.207
 76.729740 0.00025 0.00025 0 0 0 0 0 0 11  3  8 a 0 0 0 0 0 0 10  4  6 s 88FuDiJoHa.208
 77.537690 0.00025 0.00025 0 0 0 0 0 0  6  4  2 s 0 0 0 0 0 0  5  3  3 s 88FuDiJoHa.209
 79.376890 0.00025 0.00025 0 0 0 0 0 0 12  6  7 a 0 0 0 0 0 0 11  7  5 s 88FuDiJoHa.210
 80.383760 0.00025 0.00025 0 0 0 0 0 0  6  5  1 s 0 0 0 0 0 0  5  4  1 a 88FuDiJoHa.211
 80.477930 0.00025 0.00025 0 0 0 0 0 0  6  5  2 a 0 0 0 0 0 0  5  4  1 a 88FuDiJoHa.212
 80.649560 0.00025 0.00025 0 0 0 0 0 0  6  5  2 s 0 0 0 0 0 0  5  4  2 a 88FuDiJoHa.213
 80.661190 0.00025 0.00025 0 0 0 0 0 0  6  5  1 a 0 0 0 0 0 0  5  4  2 a 88FuDiJoHa.216
 80.837650 0.00025 0.00025 0 0 0 0 0 0  6  5  1 s 0 0 0 0 0 0  5  4  2 s 88FuDiJoHa.215
 80.903540 0.00025 0.00025 0 0 0 0 0 0  7  3  4 s 0 0 0 0 0 0  6  2  4 a 88FuDiJoHa.217
 80.931600 0.00025 0.00025 0 0 0 0 0 0  6  5  2 a 0 0 0 0 0 0  5  4  2 s 88FuDiJoHa.218
 81.202240 0.00025 0.00025 0 0 0 0 0 0  7  3  4 a 0 0 0 0 0 0  6  2  4 s 88FuDiJoHa.219
 81.311260 0.00025 0.00025 0 0 0 0 0 0 10  4  6 s 0 0 0 0 0 0  9  5  4 a 88FuDiJoHa.220
 82.736400 0.00025 0.00025 0 0 0 0 0 0  7  4  3 s 0 0 0 0 0 0  6  3  3 a 88FuDiJoHa.221
 83.017940 0.00025 0.00025 0 0 0 0 0 0  7  4  3 a 0 0 0 0 0 0  6  3  3 s 88FuDiJoHa.222
 83.664700 0.00025 0.00025 0 0 0 0 0 0  7  2  5 s 0 0 0 0 0 0  6  1  5 a 88FuDiJoHa.223
 83.975230 0.00025 0.00025 0 0 0 0 0 0  7  2  5 a 0 0 0 0 0 0  6  1  5 s 88FuDiJoHa.224
 84.785710 0.00025 0.00025 0 0 0 0 0 0 13  5  9 a 0 0 0 0 0 0 12  6  7 s 88FuDiJoHa.225
 85.258500 0.00025 0.00025 0 0 0 0 0 0  7  3  5 s 0 0 0 0 0 0  6  2  5 a 88FuDiJoHa.226
 85.542190 0.00025 0.00025 0 0 0 0 0 0  7  1  6 s 0 0 0 0 0 0  6  0  6 a 88FuDiJoHa.227
 85.563540 0.00025 0.00025 0 0 0 0 0 0  7  3  5 a 0 0 0 0 0 0  6  2  5 s 88FuDiJoHa.228
 85.671430 0.00025 0.00025 0 0 0 0 0 0  7  2  6 s 0 0 0 0 0 0  6  1  6 a 88FuDiJoHa.229
 85.876210 0.00025 0.00025 0 0 0 0 0 0  7  1  6 a 0 0 0 0 0 0  6  0  6 s 88FuDiJoHa.230
 85.956720 0.00025 0.00025 0 0 0 0 0 0  6  6  0 s 0 0 0 0 0 0  5  5  0 a 88FuDiJoHa.231
 86.004630 0.00025 0.00025 0 0 0 0 0 0  7  2  6 a 0 0 0 0 0 0  6  1  6 s 88FuDiJoHa.232
 86.238550 0.00025 0.00025 0 0 0 0 0 0  6  6  0 a 0 0 0 0 0 0  5  5  0 s 88FuDiJoHa.233
 86.438990 0.00025 0.00025 0 0 0 0 0 0  7  4  4 s 0 0 0 0 0 0  6  3  4 a 88FuDiJoHa.235
 86.460460 0.00025 0.00025 0 0 0 0 0 0 11  5  6 a 0 0 0 0 0 0 10  6  4 s 88FuDiJoHa.236
 86.718140 0.00025 0.00025 0 0 0 0 0 0  7  4  4 a 0 0 0 0 0 0  6  3  4 s 88FuDiJoHa.237
 88.242410 0.00025 0.00025 0 0 0 0 0 0  6  6  1 a 0 0 0 0 0 0  5  5  1 s 88FuDiJoHa.234
 88.887510 0.00025 0.00025 0 0 0 0 0 0  7  5  3 a 0 0 0 0 0 0  6  4  2 a 88FuDiJoHa.238
 89.115820 0.00025 0.00025 0 0 0 0 0 0 11  4  7 a 0 0 0 0 0 0 10  5  5 s 88FuDiJoHa.239
 89.203300 0.00025 0.00025 0 0 0 0 0 0  7  5  2 s 0 0 0 0 0 0  6  4  2 a 88FuDiJoHa.240
 89.448700 0.00025 0.00025 0 0 0 0 0 0  7  5  2 a 0 0 0 0 0 0  6  4  2 s 88FuDiJoHa.241
 90.137270 0.00025 0.00025 0 0 0 0 0 0  7  5  3 s 0 0 0 0 0 0  6  4  3 a 88FuDiJoHa.242
 90.383260 0.00025 0.00025 0 0 0 0 0 0  7  5  3 a 0 0 0 0 0 0  6  4  3 s 88FuDiJoHa.243
 90.698760 0.00025 0.00025 0 0 0 0 0 0  7  5  2 s 0 0 0 0 0 0  6  4  3 s 88FuDiJoHa.244
 92.483310 0.00025 0.00025 0 0 0 0 0 0  8  4  4 s 0 0 0 0 0 0  7  3  4 a 88FuDiJoHa.245
 92.761720 0.00025 0.00025 0 0 0 0 0 0  8  4  4 a 0 0 0 0 0 0  7  3  4 s 88FuDiJoHa.246
 93.418350 0.00025 0.00025 0 0 0 0 0 0  8  3  5 s 0 0 0 0 0 0  7  2  5 a 88FuDiJoHa.247
 93.708920 0.00025 0.00025 0 0 0 0 0 0  8  3  5 a 0 0 0 0 0 0  7  2  5 s 88FuDiJoHa.248
 95.169780 0.00025 0.00025 0 0 0 0 0 0  7  6  1 s 0 0 0 0 0 0  6  5  1 a 88FuDiJoHa.249
 95.235930 0.00025 0.00025 0 0 0 0 0 0  7  6  2 s 0 0 0 0 0 0  6  5  2 a 88FuDiJoHa.250
 95.330910 0.00025 0.00025 0 0 0 0 0 0  7  6  2 s 0 0 0 0 0 0  6  5  1 s 88FuDiJoHa.251
 95.383480 0.00025 0.00025 0 0 0 0 0 0  7  6  1 a 0 0 0 0 0 0  6  5  2 a 88FuDiJoHa.252
 95.477530 0.00025 0.00025 0 0 0 0 0 0  7  6  1 a 0 0 0 0 0 0  6  5  1 s 88FuDiJoHa.253
 95.524270 0.00025 0.00025 0 0 0 0 0 0  7  6  2 a 0 0 0 0 0 0  6  5  2 s 88FuDiJoHa.254
 96.100330 0.00025 0.00025 0 0 0 0 0 0  8  5  4 a 0 0 0 0 0 0  7  4  3 a 88FuDiJoHa.255
 96.556360 0.00025 0.00025 0 0 0 0 0 0  8  2  6 s 0 0 0 0 0 0  7  1  6 a 88FuDiJoHa.256
 96.864700 0.00025 0.00025 0 0 0 0 0 0  8  2  6 a 0 0 0 0 0 0  7  1  6 s 88FuDiJoHa.257
 97.251740 0.00025 0.00025 0 0 0 0 0 0  8  3  6 s 0 0 0 0 0 0  7  2  6 a 88FuDiJoHa.258
 97.354630 0.00025 0.00025 0 0 0 0 0 0  6  4  2 a 0 0 0 0 0 0  5  1  4 s 88FuDiJoHa.259
 97.415740 0.00025 0.00025 0 0 0 0 0 0  8  4  5 s 0 0 0 0 0 0  7  3  5 a 88FuDiJoHa.260
 97.535030 0.00025 0.00025 0 0 0 0 0 0  8  5  3 s 0 0 0 0 0 0  7  4  3 a 88FuDiJoHa.261
 97.555340 0.00025 0.00025 0 0 0 0 0 0  8  3  6 a 0 0 0 0 0 0  7  2  6 s 88FuDiJoHa.262
 97.691730 0.00025 0.00025 0 0 0 0 0 0  8  4  5 a 0 0 0 0 0 0  7  3  5 s 88FuDiJoHa.263
 97.785320 0.00025 0.00025 0 0 0 0 0 0  8  5  3 a 0 0 0 0 0 0  7  4  3 s 88FuDiJoHa.264
 97.925200 0.00025 0.00025 0 0 0 0 0 0  8  1  7 s 0 0 0 0 0 0  7  0  7 a 88FuDiJoHa.265
 97.965670 0.00025 0.00025 0 0 0 0 0 0  8  2  7 s 0 0 0 0 0 0  7  1  7 a 88FuDiJoHa.266
 98.261270 0.00025 0.00025 0 0 0 0 0 0  8  1  7 a 0 0 0 0 0 0  7  0  7 s 88FuDiJoHa.267
 98.301670 0.00025 0.00025 0 0 0 0 0 0  8  2  7 a 0 0 0 0 0 0  7  1  7 s 88FuDiJoHa.268
 99.926050 0.00025 0.00025 0 0 0 0 0 0  8  5  4 s 0 0 0 0 0 0  7  4  4 a 88FuDiJoHa.269
100.172670 0.00025 0.00025 0 0 0 0 0 0  8  5  4 a 0 0 0 0 0 0  7  4  4 s 88FuDiJoHa.270
100.535910 0.00025 0.00025 0 0 0 0 0 0  7  7  1 a 0 0 0 0 0 0  6  6  1 s 88FuDiJoHa.273
100.574900 0.00025 0.00025 0 0 0 0 0 0  7  7  0 s 0 0 0 0 0 0  6  6  0 a 88FuDiJoHa.271
100.574900 0.00025 0.00025 0 0 0 0 0 0  7  7  1 s 0 0 0 0 0 0  6  6  1 a 88FuDiJoHa.272
100.635910 0.00025 0.00025 0 0 0 0 0 0  7  7  0 a 0 0 0 0 0 0  6  6  0 s 88FuDiJoHa.274
101.607230 0.00025 0.00025 0 0 0 0 0 0  8  5  3 s 0 0 0 0 0 0  7  4  4 s 88FuDiJoHa.275
103.529040 0.00025 0.00025 0 0 0 0 0 0  9  4  5 s 0 0 0 0 0 0  8  3  5 a 88FuDiJoHa.276
103.799710 0.00025 0.00025 0 0 0 0 0 0  9  4  5 a 0 0 0 0 0 0  8  3  5 s 88FuDiJoHa.277
104.206970 0.00025 0.00025 0 0 0 0 0 0  8  6  2 s 0 0 0 0 0 0  7  5  2 a 88FuDiJoHa.278
104.299370 0.00025 0.00025 0 0 0 0 0 0  8  6  3 a 0 0 0 0 0 0  7  5  2 a 88FuDiJoHa.279
104.480240 0.00025 0.00025 0 0 0 0 0 0  8  6  2 a 0 0 0 0 0 0  7  5  2 s 88FuDiJoHa.280
104.569690 0.00025 0.00025 0 0 0 0 0 0  8  6  3 s 0 0 0 0 0 0  7  5  3 a 88FuDiJoHa.281
104.749470 0.00025 0.00025 0 0 0 0 0 0  8  6  2 s 0 0 0 0 0 0  7  5  3 s 88FuDiJoHa.282
104.841730 0.00025 0.00025 0 0 0 0 0 0  8  6  3 a 0 0 0 0 0 0  7  5  3 s 88FuDiJoHa.283
105.946120 0.00025 0.00025 0 0 0 0 0 0  9  5  4 s 0 0 0 0 0 0  8  4  4 a 88FuDiJoHa.284
106.197960 0.00025 0.00025 0 0 0 0 0 0  9  5  4 a 0 0 0 0 0 0  8  4  4 s 88FuDiJoHa.285
106.587530 0.00025 0.00025 0 0 0 0 0 0  9  3  6 s 0 0 0 0 0 0  8  2  6 a 88FuDiJoHa.286
106.869130 0.00025 0.00025 0 0 0 0 0 0  9  3  6 a 0 0 0 0 0 0  8  2  6 s 88FuDiJoHa.287
108.907780 0.00025 0.00025 0 0 0 0 0 0  9  4  6 s 0 0 0 0 0 0  8  3  6 a 88FuDiJoHa.288
109.165370 0.00025 0.00025 0 0 0 0 0 0  9  2  7 s 0 0 0 0 0 0  8  1  7 a 88FuDiJoHa.289
109.180400 0.00025 0.00025 0 0 0 0 0 0  9  4  6 a 0 0 0 0 0 0  8  3  6 s 88FuDiJoHa.290
109.426810 0.00025 0.00025 0 0 0 0 0 0  9  3  7 s 0 0 0 0 0 0  8  2  7 a 88FuDiJoHa.291
109.468600 0.00025 0.00025 0 0 0 0 0 0  9  2  7 a 0 0 0 0 0 0  8  1  7 s 88FuDiJoHa.292
109.625480 0.00025 0.00025 0 0 0 0 0 0  8  7  1 s 0 0 0 0 0 0  7  6  1 a 88FuDiJoHa.294
109.730710 0.00025 0.00025 0 0 0 0 0 0  9  3  7 a 0 0 0 0 0 0  8  2  7 s 88FuDiJoHa.293
109.835730 0.00025 0.00025 0 0 0 0 0 0  8  7  2 s 0 0 0 0 0 0  7  6  2 a 88FuDiJoHa.295
110.064930 0.00025 0.00025 0 0 0 0 0 0  8  7  1 a 0 0 0 0 0 0  7  6  1 s 88FuDiJoHa.296
110.094860 0.00025 0.00025 0 0 0 0 0 0  8  7  2 a 0 0 0 0 0 0  7  6  2 s 88FuDiJoHa.297
110.172660 0.00025 0.00025 0 0 0 0 0 0  9  5  5 s 0 0 0 0 0 0  8  4  5 a 88FuDiJoHa.298
110.253090 0.00025 0.00025 0 0 0 0 0 0  9  1  8 s 0 0 0 0 0 0  8  0  8 a 88FuDiJoHa.299
110.265510 0.00025 0.00025 0 0 0 0 0 0  9  2  8 s 0 0 0 0 0 0  8  1  8 a 88FuDiJoHa.300
110.416990 0.00025 0.00025 0 0 0 0 0 0  9  5  5 a 0 0 0 0 0 0  8  4  5 s 88FuDiJoHa.301
110.592640 0.00025 0.00025 0 0 0 0 0 0  9  1  8 a 0 0 0 0 0 0  8  0  8 s 88FuDiJoHa.302
110.603960 0.00025 0.00025 0 0 0 0 0 0  9  2  8 a 0 0 0 0 0 0  8  1  8 s 88FuDiJoHa.303
112.505850 0.00025 0.00025 0 0 0 0 0 0  9  6  4 a 0 0 0 0 0 0  8  5  3 a 88FuDiJoHa.304
112.908760 0.00025 0.00025 0 0 0 0 0 0  9  6  3 s 0 0 0 0 0 0  8  5  3 a 88FuDiJoHa.305
112.916620 0.00025 0.00025 0 0 0 0 0 0  7  4  3 a 0 0 0 0 0 0  6  1  5 s 88FuDiJoHa.306
113.120070 0.00025 0.00025 0 0 0 0 0 0  9  6  3 a 0 0 0 0 0 0  8  5  3 s 88FuDiJoHa.307
113.963300 0.00025 0.00025 0 0 0 0 0 0  9  6  4 s 0 0 0 0 0 0  8  5  4 a 88FuDiJoHa.308
114.171550 0.00025 0.00025 0 0 0 0 0 0  9  6  4 a 0 0 0 0 0 0  8  5  4 s 88FuDiJoHa.309
114.574100 0.00025 0.00025 0 0 0 0 0 0  9  6  3 s 0 0 0 0 0 0  8  5  4 s 88FuDiJoHa.310
115.093230 0.00025 0.00025 0 0 0 0 0 0  8  8  0 s 0 0 0 0 0 0  7  7  0 a 88FuDiJoHa.311
115.093230 0.00025 0.00025 0 0 0 0 0 0  8  8  1 s 0 0 0 0 0 0  7  7  1 a 88FuDiJoHa.312
115.260600 0.00025 0.00025 0 0 0 0 0 0 10  5  5 s 0 0 0 0 0 0  9  4  5 a 88FuDiJoHa.313
115.333100 0.00025 0.00025 0 0 0 0 0 0  8  8  1 a 0 0 0 0 0 0  7  7  1 s 88FuDiJoHa.314
115.333100 0.00025 0.00025 0 0 0 0 0 0  8  8  0 a 0 0 0 0 0 0  7  7  0 s 88FuDiJoHa.315
115.507650 0.00025 0.00025 0 0 0 0 0 0 10  5  5 a 0 0 0 0 0 0  9  4  5 s 88FuDiJoHa.316
115.890170 0.00025 0.00025 0 0 0 0 0 0  7  5  2 a 0 0 0 0 0 0  6  2  4 s 88FuDiJoHa.317
115.900710 0.00025 0.00025 0 0 0 0 0 0 10  4  6 s 0 0 0 0 0 0  9  3  6 a 88FuDiJoHa.318
116.979720 0.00025 0.00025 0 0 0 0 0 0  9  7  2 s 0 0 0 0 0 0  8  6  2 a 88FuDiJoHa.319
119.030610 0.00025 0.00025 0 0 0 0 0 0  9  7  3 s 0 0 0 0 0 0  8  6  3 a 88FuDiJoHa.320
119.122970 0.00025 0.00025 0 0 0 0 0 0  9  7  3 s 0 0 0 0 0 0  8  6  2 s 88FuDiJoHa.321
119.171170 0.00025 0.00025 0 0 0 0 0 0  9  7  2 a 0 0 0 0 0 0  8  6  3 a 88FuDiJoHa.322
119.207170 0.00025 0.00025 0 0 0 0 0 0  9  7  2 s 0 0 0 0 0 0  8  6  3 s 88FuDiJoHa.323
119.263460 0.00025 0.00025 0 0 0 0 0 0  9  7  2 a 0 0 0 0 0 0  8  6  2 s 88FuDiJoHa.324
119.314030 0.00025 0.00025 0 0 0 0 0 0  9  7  3 a 0 0 0 0 0 0  8  6  3 s 88FuDiJoHa.325
119.484520 0.00025 0.00025 0 0 0 0 0 0 10  6  5 a 0 0 0 0 0 0  9  5  4 a 88FuDiJoHa.326
119.675960 0.00025 0.00025 0 0 0 0 0 0 10  3  7 s 0 0 0 0 0 0  9  2  7 a 88FuDiJoHa.327
119.949550 0.00025 0.00025 0 0 0 0 0 0 10  3  7 a 0 0 0 0 0 0  9  2  7 s 88FuDiJoHa.328
120.779950 0.00025 0.00025 0 0 0 0 0 0 10  4  7 s 0 0 0 0 0 0  9  3  7 a 88FuDiJoHa.329
120.964160 0.00025 0.00025 0 0 0 0 0 0 10  5  6 s 0 0 0 0 0 0  9  4  6 a 88FuDiJoHa.330
121.031730 0.00025 0.00025 0 0 0 0 0 0 10  6  4 s 0 0 0 0 0 0  9  5  4 a 88FuDiJoHa.331
121.049100 0.00025 0.00025 0 0 0 0 0 0 10  4  7 a 0 0 0 0 0 0  9  3  7 s 88FuDiJoHa.332
121.204630 0.00025 0.00025 0 0 0 0 0 0 10  5  6 a 0 0 0 0 0 0  9  4  6 s 88FuDiJoHa.333
121.245750 0.00025 0.00025 0 0 0 0 0 0 10  6  4 a 0 0 0 0 0 0  9  5  4 s 88FuDiJoHa.334
121.563170 0.00025 0.00025 0 0 0 0 0 0 10  2  8 s 0 0 0 0 0 0  9  1  8 a 88FuDiJoHa.335
121.675290 0.00025 0.00025 0 0 0 0 0 0 10  3  8 s 0 0 0 0 0 0  9  2  8 a 88FuDiJoHa.336
121.885640 0.00025 0.00025 0 0 0 0 0 0 10  2  8 a 0 0 0 0 0 0  9  1  8 s 88FuDiJoHa.337
121.976650 0.00025 0.00025 0 0 0 0 0 0 10  3  8 a 0 0 0 0 0 0  9  2  8 s 88FuDiJoHa.338
122.550840 0.00025 0.00025 0 0 0 0 0 0 10  2  9 s 0 0 0 0 0 0  9  1  9 a 88FuDiJoHa.340
122.550840 0.00025 0.00025 0 0 0 0 0 0 10  1  9 s 0 0 0 0 0 0  9  0  9 a 88FuDiJoHa.339
122.697560 0.00025 0.00025 0 0 0 0 0 0 10  1  9 a 0 0 0 0 0 0  9  0  9 s 88FuDiJoHa.342
122.897560 0.00025 0.00025 0 0 0 0 0 0 10  2  9 a 0 0 0 0 0 0  9  1  9 s 88FuDiJoHa.341
123.607730 0.00025 0.00025 0 0 0 0 0 0 10  6  5 s 0 0 0 0 0 0  9  5  5 a 88FuDiJoHa.343
123.816540 0.00025 0.00025 0 0 0 0 0 0 10  6  5 a 0 0 0 0 0 0  9  5  5 s 88FuDiJoHa.344
124.341630 0.00025 0.00025 0 0 0 0 0 0  9  8  2 s 0 0 0 0 0 0  8  7  2 a 88FuDiJoHa.346
124.341830 0.00025 0.00025 0 0 0 0 0 0  9  8  1 s 0 0 0 0 0 0  8  7  1 a 88FuDiJoHa.345
124.578660 0.00025 0.00025 0 0 0 0 0 0  9  8  1 a 0 0 0 0 0 0  8  7  1 s 88FuDiJoHa.347
124.578680 0.00025 0.00025 0 0 0 0 0 0  9  8  2 a 0 0 0 0 0 0  8  7  2 s 88FuDiJoHa.348
125.363860 0.00025 0.00025 0 0 0 0 0 0 10  6  4 s 0 0 0 0 0 0  9  5  5 s 88FuDiJoHa.349
125.941210 0.00025 0.00025 0 0 0 0 0 0 11  5  6 s 0 0 0 0 0 0 10  4  6 a 88FuDiJoHa.350
126.160560 0.00025 0.00025 0 0 0 0 0 0 11  5  6 a 0 0 0 0 0 0 10  4  6 s 88FuDiJoHa.351
126.476600 0.00025 0.00025 0 0 0 0 0 0  8  5  3 s 0 0 0 0 0 0  7  2  5 a 88FuDiJoHa.352
126.742780 0.00025 0.00025 0 0 0 0 0 0  8  5  3 a 0 0 0 0 0 0  7  2  5 s 88FuDiJoHa.353
127.975350 0.00025 0.00025 0 0 0 0 0 0 10  7  4 a 0 0 0 0 0 0  9  6  3 a 88FuDiJoHa.354
128.131570 0.00025 0.00025 0 0 0 0 0 0 10  7  3 a 0 0 0 0 0 0  9  6  3 s 88FuDiJoHa.355
128.303840 0.00025 0.00025 0 0 0 0 0 0 10  7  4 s 0 0 0 0 0 0  9  6  4 a 88FuDiJoHa.356
128.458810 0.00025 0.00025 0 0 0 0 0 0 10  7  3 s 0 0 0 0 0 0  9  6  4 s 88FuDiJoHa.357
128.567990 0.00025 0.00025 0 0 0 0 0 0 10  7  4 a 0 0 0 0 0 0  9  6  4 s 88FuDiJoHa.358
129.077230 0.00025 0.00025 0 0 0 0 0 0 11  6  5 s 0 0 0 0 0 0 10  5  5 a 88FuDiJoHa.359
129.120640 0.00025 0.00025 0 0 0 0 0 0 11  4  7 s 0 0 0 0 0 0 10  3  7 a 88FuDiJoHa.360
129.291910 0.00025 0.00025 0 0 0 0 0 0 11  6  5 a 0 0 0 0 0 0 10  5  5 s 88FuDiJoHa.361
129.369670 0.00025 0.00025 0 0 0 0 0 0 11  4  7 a 0 0 0 0 0 0 10  3  7 s 88FuDiJoHa.362
129.501890 0.00025 0.00025 0 0 0 0 0 0  9  9  0 s 0 0 0 0 0 0  8  8  0 a 88FuDiJoHa.363
129.501890 0.00025 0.00025 0 0 0 0 0 0  9  9  1 s 0 0 0 0 0 0  8  8  1 a 88FuDiJoHa.364
129.719670 0.00025 0.00025 0 0 0 0 0 0  9  9  0 a 0 0 0 0 0 0  8  8  0 s 88FuDiJoHa.365
129.719670 0.00025 0.00025 0 0 0 0 0 0  9  9  1 a 0 0 0 0 0 0  8  8  1 s 88FuDiJoHa.366
132.280240 0.00025 0.00025 0 0 0 0 0 0 11  5  7 s 0 0 0 0 0 0 10  4  7 a 88FuDiJoHa.367
132.415860 0.00025 0.00025 0 0 0 0 0 0 11  3  8 s 0 0 0 0 0 0 10  2  8 a 88FuDiJoHa.368
132.516430 0.00025 0.00025 0 0 0 0 0 0 11  5  7 a 0 0 0 0 0 0 10  4  7 s 88FuDiJoHa.369
132.603190 0.00025 0.00025 0 0 0 0 0 0 11  3  8 a 0 0 0 0 0 0 10  2  8 s 88FuDiJoHa.370
132.872500 0.00025 0.00025 0 0 0 0 0 0 11  4  8 s 0 0 0 0 0 0 10  3  8 a 88FuDiJoHa.371
133.137790 0.00025 0.00025 0 0 0 0 0 0 11  4  8 a 0 0 0 0 0 0 10  3  8 s 88FuDiJoHa.372
133.525050 0.00025 0.00025 0 0 0 0 0 0 10  8  2 s 0 0 0 0 0 0  9  7  2 a 88FuDiJoHa.373
133.538030 0.00025 0.00025 0 0 0 0 0 0 10  8  3 s 0 0 0 0 0 0  9  7  3 a 88FuDiJoHa.374
133.646740 0.00025 0.00025 0 0 0 0 0 0 10  8  3 s 0 0 0 0 0 0  9  7  2 s 88FuDiJoHa.375
133.652770 0.00025 0.00025 0 0 0 0 0 0 10  8  2 a 0 0 0 0 0 0  9  7  3 a 88FuDiJoHa.376
133.665070 0.00025 0.00025 0 0 0 0 0 0 10  8  2 s 0 0 0 0 0 0  9  7  3 s 88FuDiJoHa.377
133.669740 0.00025 0.00025 0 0 0 0 0 0 11  6  6 s 0 0 0 0 0 0 10  5  6 a 88FuDiJoHa.378
133.760700 0.00025 0.00025 0 0 0 0 0 0 10  8  2 a 0 0 0 0 0 0  9  7  2 s 88FuDiJoHa.379
133.773820 0.00025 0.00025 0 0 0 0 0 0 10  8  3 a 0 0 0 0 0 0  9  7  3 s 88FuDiJoHa.380
133.900940 0.00025 0.00025 0 0 0 0 0 0 11  2  9 s 0 0 0 0 0 0 10  1  9 a 88FuDiJoHa.381
133.931070 0.00025 0.00025 0 0 0 0 0 0 11  3  9 s 0 0 0 0 0 0 10  2  9 a 88FuDiJoHa.382
134.202570 0.00025 0.00025 0 0 0 0 0 0 11  2  9 a 0 0 0 0 0 0 10  1  9 s 88FuDiJoHa.383
134.232540 0.00025 0.00025 0 0 0 0 0 0 11  3  9 a 0 0 0 0 0 0 10  2  9 s 88FuDiJoHa.384
134.624900 0.00025 0.00025 0 0 0 0 0 0 11  2 10 s 0 0 0 0 0 0 10  1 10 a 88FuDiJoHa.385
134.624900 0.00025 0.00025 0 0 0 0 0 0 11  1 10 s 0 0 0 0 0 0 10  0 10 a 88FuDiJoHa.386
135.175600 0.00025 0.00025 0 0 0 0 0 0 11  1 10 a 0 0 0 0 0 0 10  0 10 s 88FuDiJoHa.388
135.175600 0.00025 0.00025 0 0 0 0 0 0 11  2 10 a 0 0 0 0 0 0 10  1 10 s 88FuDiJoHa.387
136.641660 0.00025 0.00025 0 0 0 0 0 0 11  7  4 a 0 0 0 0 0 0 10  6  4 s 88FuDiJoHa.390
137.579200 0.00025 0.00025 0 0 0 0 0 0 11  7  5 s 0 0 0 0 0 0 10  6  5 a 88FuDiJoHa.391
137.750160 0.00025 0.00025 0 0 0 0 0 0 11  7  5 a 0 0 0 0 0 0 10  6  5 s 88FuDiJoHa.392
137.914620 0.00025 0.00025 0 0 0 0 0 0 12  6  6 s 0 0 0 0 0 0 11  5  6 a 88FuDiJoHa.393
138.072460 0.00025 0.00025 0 0 0 0 0 0 12  5  7 s 0 0 0 0 0 0 11  4  7 a 88FuDiJoHa.394
138.127290 0.00025 0.00025 0 0 0 0 0 0 12  6  6 a 0 0 0 0 0 0 11  5  6 s 88FuDiJoHa.395
138.300950 0.00025 0.00025 0 0 0 0 0 0 12  5  7 a 0 0 0 0 0 0 11  4  7 s 88FuDiJoHa.396
138.468660 0.00025 0.00025 0 0 0 0 0 0 11  7  4 s 0 0 0 0 0 0 10  6  4 a 88FuDiJoHa.389
138.739200 0.00025 0.00025 0 0 0 0 0 0 10  9  1 s 0 0 0 0 0 0  9  8  1 a 88FuDiJoHa.398
138.739200 0.00025 0.00025 0 0 0 0 0 0 10  9  2 s 0 0 0 0 0 0  9  8  2 a 88FuDiJoHa.397
138.954570 0.00025 0.00025 0 0 0 0 0 0 10  9  1 a 0 0 0 0 0 0  9  8  1 s 88FuDiJoHa.399
138.954570 0.00025 0.00025 0 0 0 0 0 0 10  9  2 a 0 0 0 0 0 0  9  8  2 s 88FuDiJoHa.400
140.352800 0.00025 0.00025 0 0 0 0 0 0 13  6  7 a 0 0 0 0 0 0 12  5  7 s 88FuDiJoHa.439
141.458250 0.00025 0.00025 0 0 0 0 0 0  9  5  4 a 0 0 0 0 0 0  8  2  6 s 88FuDiJoHa.401
142.384300 0.00025 0.00025 0 0 0 0 0 0 12  4  8 s 0 0 0 0 0 0 11  3  8 a 88FuDiJoHa.402
142.585370 0.00025 0.00025 0 0 0 0 0 0 11  8  3 s 0 0 0 0 0 0 10  7  3 a 88FuDiJoHa.403
142.621630 0.00025 0.00025 0 0 0 0 0 0 12  4  8 a 0 0 0 0 0 0 11  3  8 s 88FuDiJoHa.404
142.628980 0.00025 0.00025 0 0 0 0 0 0 11  8  4 s 0 0 0 0 0 0 10  7  4 a 88FuDiJoHa.405
142.737980 0.00025 0.00025 0 0 0 0 0 0 11  8  4 s 0 0 0 0 0 0 10  7  3 s 88FuDiJoHa.406
142.759580 0.00025 0.00025 0 0 0 0 0 0 11  8  3 a 0 0 0 0 0 0 10  7  4 a 88FuDiJoHa.407
142.868460 0.00025 0.00025 0 0 0 0 0 0 11  8  3 a 0 0 0 0 0 0 10  7  3 s 88FuDiJoHa.408
142.912050 0.00025 0.00025 0 0 0 0 0 0 12  8  4 a 0 0 0 0 0 0 10  7  4 s 88FuDiJoHa.409
143.707750 0.00025 0.00025 0 0 0 0 0 0 10 10  0 s 0 0 0 0 0 0  9  9  0 a 88FuDiJoHa.410
143.707750 0.00025 0.00025 0 0 0 0 0 0 10 10  1 s 0 0 0 0 0 0  9  9  1 a 88FuDiJoHa.411
143.903490 0.00025 0.00025 0 0 0 0 0 0 10 10  1 a 0 0 0 0 0 0  9  9  1 s 88FuDiJoHa.412
143.983490 0.00025 0.00025 0 0 0 0 0 0 10 10  0 a 0 0 0 0 0 0  9  9  0 s 88FuDiJoHa.413
144.008740 0.00025 0.00025 0 0 0 0 0 0 12  5  8 s 0 0 0 0 0 0 11  4  8 a 88FuDiJoHa.414
144.239490 0.00025 0.00025 0 0 0 0 0 0 12  5  8 a 0 0 0 0 0 0 11  4  8 s 88FuDiJoHa.415
144.256040 0.00025 0.00025 0 0 0 0 0 0 12  6  7 s 0 0 0 0 0 0 11  5  7 a 88FuDiJoHa.416
144.407930 0.00025 0.00025 0 0 0 0 0 0 12  7  5 s 0 0 0 0 0 0 11  6  5 a 88FuDiJoHa.417
144.458340 0.00025 0.00025 0 0 0 0 0 0 12  6  7 a 0 0 0 0 0 0 11  5  7 s 88FuDiJoHa.418
144.584240 0.00025 0.00025 0 0 0 0 0 0 12  7  5 a 0 0 0 0 0 0 11  6  5 s 88FuDiJoHa.419
144.885290 0.00025 0.00025 0 0 0 0 0 0 12  3  9 s 0 0 0 0 0 0 11  2  9 a 88FuDiJoHa.420
145.057610 0.00025 0.00025 0 0 0 0 0 0 12  4  9 s 0 0 0 0 0 0 11  3  9 a 88FuDiJoHa.421
145.147680 0.00025 0.00025 0 0 0 0 0 0 12  3  9 a 0 0 0 0 0 0 11  2  9 s 88FuDiJoHa.422
145.319300 0.00025 0.00025 0 0 0 0 0 0 12  4  9 a 0 0 0 0 0 0 11  3  9 s 88FuDiJoHa.423
146.160950 0.00025 0.00025 0 0 0 0 0 0 12  2 10 s 0 0 0 0 0 0 11  1 10 a 88FuDiJoHa.424
146.170540 0.00025 0.00025 0 0 0 0 0 0 12  3 10 s 0 0 0 0 0 0 11  2 10 a 88FuDiJoHa.425
146.463760 0.00025 0.00025 0 0 0 0 0 0 12  2 10 a 0 0 0 0 0 0 11  1 10 s 88FuDiJoHa.426
146.473450 0.00025 0.00025 0 0 0 0 0 0 12  3 10 a 0 0 0 0 0 0 11  2 10 s 88FuDiJoHa.427
147.064210 0.00025 0.00025 0 0 0 0 0 0 12  7  6 s 0 0 0 0 0 0 11  6  6 a 88FuDiJoHa.428
147.070250 0.00025 0.00025 0 0 0 0 0 0 12  2 11 s 0 0 0 0 0 0 11  1 11 a 88FuDiJoHa.430
147.078250 0.00025 0.00025 0 0 0 0 0 0 12  1 11 s 0 0 0 0 0 0 11  0 11 a 88FuDiJoHa.429
147.233930 0.00025 0.00025 0 0 0 0 0 0 12  7  6 a 0 0 0 0 0 0 11  6  6 s 88FuDiJoHa.431
147.436300 0.00025 0.00025 0 0 0 0 0 0 12  1 11 a 0 0 0 0 0 0 11  0 11 s 88FuDiJoHa.432
147.436300 0.00025 0.00025 0 0 0 0 0 0 12  2 11 a 0 0 0 0 0 0 11  1 11 s 88FuDiJoHa.433
147.923600 0.00025 0.00025 0 0 0 0 0 0 11  9  2 s 0 0 0 0 0 0 10  8  2 a 88FuDiJoHa.435
147.923600 0.00025 0.00025 0 0 0 0 0 0 11  9  3 s 0 0 0 0 0 0 10  8  3 a 88FuDiJoHa.434
148.134900 0.00025 0.00025 0 0 0 0 0 0 11  9  2 a 0 0 0 0 0 0 10  8  2 s 88FuDiJoHa.437
148.134900 0.00025 0.00025 0 0 0 0 0 0 11  9  3 a 0 0 0 0 0 0 10  8  3 s 88FuDiJoHa.436
148.146550 0.00025 0.00025 0 0 0 0 0 0 13  6  7 s 0 0 0 0 0 0 12  5  7 a 88FuDiJoHa.438
151.029840 0.00025 0.00025 0 0 0 0 0 0 12  8  5 s 0 0 0 0 0 0 11  7  5 a 88FuDiJoHa.445
151.254080 0.00025 0.00025 0 0 0 0 0 0 13  5  8 s 0 0 0 0 0 0 12  4  8 a 88FuDiJoHa.440
151.343030 0.00025 0.00025 0 0 0 0 0 0 12  8  4 s 0 0 0 0 0 0 11  7  4 a 88FuDiJoHa.441
151.470030 0.00025 0.00025 0 0 0 0 0 0 12  8  5 a 0 0 0 0 0 0 11  7  4 a 88FuDiJoHa.442
151.470030 0.00025 0.00025 0 0 0 0 0 0 13  5  8 a 0 0 0 0 0 0 12  4  8 s 88FuDiJoHa.443
151.595920 0.00025 0.00025 0 0 0 0 0 0 12  8  4 a 0 0 0 0 0 0 11  7  4 s 88FuDiJoHa.444
151.952740 0.00025 0.00025 0 0 0 0 0 0 12  8  4 s 0 0 0 0 0 0 11  7  5 s 88FuDiJoHa.446
152.080850 0.00025 0.00025 0 0 0 0 0 0 12  8  5 a 0 0 0 0 0 0 11  7  5 s 88FuDiJoHa.447
152.111660 0.00025 0.00025 0 0 0 0 0 0 13  7  6 s 0 0 0 0 0 0 12  6  6 a 88FuDiJoHa.448
152.209350 0.00025 0.00025 0 0 0 0 0 0 13  7  6 a 0 0 0 0 0 0 12  6  6 s 88FuDiJoHa.449
153.012560 0.00025 0.00025 0 0 0 0 0 0 11 10  2 s 0 0 0 0 0 0 10  9  2 a 88FuDiJoHa.450
153.012560 0.00025 0.00025 0 0 0 0 0 0 11 10  1 s 0 0 0 0 0 0 10  9  1 a 88FuDiJoHa.451
153.205030 0.00025 0.00025 0 0 0 0 0 0 11 10  1 a 0 0 0 0 0 0 10  9  1 s 88FuDiJoHa.452
153.205030 0.00025 0.00025 0 0 0 0 0 0 11 10  2 a 0 0 0 0 0 0 10  9  2 s 88FuDiJoHa.453
155.270220 0.00025 0.00025 0 0 0 0 0 0 13  4  9 s 0 0 0 0 0 0 12  3  9 a 88FuDiJoHa.454
155.372360 0.00025 0.00025 0 0 0 0 0 0 13  6  8 s 0 0 0 0 0 0 12  5  8 a 88FuDiJoHa.455
155.498640 0.00025 0.00025 0 0 0 0 0 0 13  4  9 a 0 0 0 0 0 0 12  3  9 s 88FuDiJoHa.456
155.569310 0.00025 0.00025 0 0 0 0 0 0 13  6  8 a 0 0 0 0 0 0 12  5  8 s 88FuDiJoHa.457
155.621510 0.00025 0.00025 0 0 0 0 0 0 10  6  4 s 0 0 0 0 0 0  9  3  6 a 88FuDiJoHa.458
155.994070 0.00025 0.00025 0 0 0 0 0 0 13  5  9 s 0 0 0 0 0 0 12  4  9 a 88FuDiJoHa.459
156.210700 0.00025 0.00025 0 0 0 0 0 0 13  5  9 a 0 0 0 0 0 0 12  4  9 s 88FuDiJoHa.460
156.666610 0.00025 0.00025 0 0 0 0 0 0 13  2 11 a 0 0 0 0 0 0 12  1 11 s 88FuDiJoHa.477
156.924700 0.00025 0.00025 0 0 0 0 0 0 13  7  7 s 0 0 0 0 0 0 12  6  7 a 88FuDiJoHa.461
157.022590 0.00025 0.00025 0 0 0 0 0 0 12  9  3 s 0 0 0 0 0 0 11  8  3 a 88FuDiJoHa.462
157.036570 0.00025 0.00025 0 0 0 0 0 0 12  9  4 s 0 0 0 0 0 0 11  8  4 a 88FuDiJoHa.463
157.092000 0.00025 0.00025 0 0 0 0 0 0 13  7  7 a 0 0 0 0 0 0 12  6  7 s 88FuDiJoHa.464
157.196200 0.00025 0.00025 0 0 0 0 0 0 13  3 10 s 0 0 0 0 0 0 12  2 10 a 88FuDiJoHa.465
157.234700 0.00025 0.00025 0 0 0 0 0 0 12  9  3 a 0 0 0 0 0 0 11  8  3 s 88FuDiJoHa.466
157.246730 0.00025 0.00025 0 0 0 0 0 0 12  9  4 a 0 0 0 0 0 0 11  8  4 s 88FuDiJoHa.467
157.256790 0.00025 0.00025 0 0 0 0 0 0 13  4 10 s 0 0 0 0 0 0 12  3 10 a 88FuDiJoHa.468
157.456510 0.00025 0.00025 0 0 0 0 0 0 13  3 10 a 0 0 0 0 0 0 12  2 10 s 88FuDiJoHa.469
157.517490 0.00025 0.00025 0 0 0 0 0 0 13  4 10 a 0 0 0 0 0 0 12  3 10 s 88FuDiJoHa.470
157.941500 0.00025 0.00025 0 0 0 0 0 0 11 11  0 s 0 0 0 0 0 0 10 10  0 a 88FuDiJoHa.471
157.941500 0.00025 0.00025 0 0 0 0 0 0 11 11  1 s 0 0 0 0 0 0 10 10  1 a 88FuDiJoHa.472
158.114640 0.00025 0.00025 0 0 0 0 0 0 11 11  1 a 0 0 0 0 0 0 10 10  1 s 88FuDiJoHa.473
158.114640 0.00025 0.00025 0 0 0 0 0 0 11 11  0 a 0 0 0 0 0 0 10 10  0 s 88FuDiJoHa.474
158.383400 0.00025 0.00025 0 0 0 0 0 0 13  3 11 s 0 0 0 0 0 0 12  2 11 a 88FuDiJoHa.476
158.383480 0.00025 0.00025 0 0 0 0 0 0 13  2 11 s 0 0 0 0 0 0 12  1 11 a 88FuDiJoHa.475
158.686010 0.00025 0.00025 0 0 0 0 0 0 13  3 11 a 0 0 0 0 0 0 12  2 11 s 88FuDiJoHa.478
159.312100 0.00025 0.00025 0 0 0 0 0 0 13  1 12 s 0 0 0 0 0 0 12  0 12 a 88FuDiJoHa.480
159.312180 0.00025 0.00025 0 0 0 0 0 0 13  2 12 s 0 0 0 0 0 0 12  1 12 a 88FuDiJoHa.479
159.678590 0.00025 0.00025 0 0 0 0 0 0 13  1 12 a 0 0 0 0 0 0 12  0 12 s 88FuDiJoHa.481
159.678590 0.00025 0.00025 0 0 0 0 0 0 13  2 12 a 0 0 0 0 0 0 12  1 12 s 88FuDiJoHa.482
159.852690 0.00025 0.00025 0 0 0 0 0 0 13  8  5 s 0 0 0 0 0 0 12  7  5 a 88FuDiJoHa.483
159.936060 0.00025 0.00025 0 0 0 0 0 0 14  6  8 s 0 0 0 0 0 0 13  5  8 a 88FuDiJoHa.484
159.987720 0.00025 0.00025 0 0 0 0 0 0 13  8  5 a 0 0 0 0 0 0 12  7  5 s 88FuDiJoHa.485
160.131070 0.00025 0.00025 0 0 0 0 0 0 14  6  8 a 0 0 0 0 0 0 13  5  8 s 88FuDiJoHa.486
160.447790 0.00025 0.00025 0 0 0 0 0 0 14  7  7 s 0 0 0 0 0 0 13  6  7 a 88FuDiJoHa.487
160.624590 0.00025 0.00025 0 0 0 0 0 0 14  7  7 a 0 0 0 0 0 0 13  6  7 s 88FuDiJoHa.488
160.971040 0.00025 0.00025 0 0 0 0 0 0 13  8  6 s 0 0 0 0 0 0 12  7  6 a 88FuDiJoHa.489
161.103350 0.00025 0.00025 0 0 0 0 0 0 13  8  6 a 0 0 0 0 0 0 12  7  6 s 88FuDiJoHa.490
162.184690 0.00025 0.00025 0 0 0 0 0 0 12 10  3 s 0 0 0 0 0 0 11  9  3 a 88FuDiJoHa.492
162.184890 0.00025 0.00025 0 0 0 0 0 0 12 10  2 s 0 0 0 0 0 0 11  9  2 a 88FuDiJoHa.491
162.374450 0.00025 0.00025 0 0 0 0 0 0 12 10  3 a 0 0 0 0 0 0 11  9  3 s 88FuDiJoHa.493
162.374450 0.00025 0.00025 0 0 0 0 0 0 12 10  2 a 0 0 0 0 0 0 11  9  2 s 88FuDiJoHa.494
164.055240 0.00025 0.00025 0 0 0 0 0 0 14  5  9 a 0 0 0 0 0 0 13  4  9 s 88FuDiJoHa.496
164.654010 0.00025 0.00025 0 0 0 0 0 0 14  5  9 s 0 0 0 0 0 0 13  4  9 a 88FuDiJoHa.495
165.979130 0.00025 0.00025 0 0 0 0 0 0 13  9  4 s 0 0 0 0 0 0 12  8  4 a 88FuDiJoHa.497
166.012750 0.00025 0.00025 0 0 0 0 0 0 13  9  5 s 0 0 0 0 0 0 12  8  5 a 88FuDiJoHa.498
166.097690 0.00025 0.00025 0 0 0 0 0 0 14  5 10 s 0 0 0 0 0 0 13  4 10 a 88FuDiJoHa.515
166.130740 0.00025 0.00025 0 0 0 0 0 0 13  9  4 a 0 0 0 0 0 0 12  8  5 a 88FuDiJoHa.499
166.140620 0.00025 0.00025 0 0 0 0 0 0 13  9  5 s 0 0 0 0 0 0 12  8  4 s 88FuDiJoHa.500
166.258540 0.00025 0.00025 0 0 0 0 0 0 13  9  4 a 0 0 0 0 0 0 12  8  4 s 88FuDiJoHa.501
166.291540 0.00025 0.00025 0 0 0 0 0 0 13  9  5 a 0 0 0 0 0 0 12  8  5 s 88FuDiJoHa.502
166.928250 0.00025 0.00025 0 0 0 0 0 0 14  6  9 s 0 0 0 0 0 0 13  5  9 a 88FuDiJoHa.503
167.118070 0.00025 0.00025 0 0 0 0 0 0 14  6  9 a 0 0 0 0 0 0 13  5  9 s 88FuDiJoHa.504
167.150240 0.00025 0.00025 0 0 0 0 0 0 12 11  1 s 0 0 0 0 0 0 11 10  1 a 88FuDiJoHa.505
167.150240 0.00025 0.00025 0 0 0 0 0 0 12 11  2 s 0 0 0 0 0 0 11 10  2 a 88FuDiJoHa.506
167.283560 0.00025 0.00025 0 0 0 0 0 0 14  7  8 s 0 0 0 0 0 0 13  6  8 a 88FuDiJoHa.507
167.321250 0.00025 0.00025 0 0 0 0 0 0 12 11  1 a 0 0 0 0 0 0 11 10  1 s 88FuDiJoHa.508
167.321250 0.00025 0.00025 0 0 0 0 0 0 12 11  2 a 0 0 0 0 0 0 11 10  2 s 88FuDiJoHa.509
167.443520 0.00025 0.00025 0 0 0 0 0 0 14  7  8 a 0 0 0 0 0 0 13  6  8 s 88FuDiJoHa.510
167.637510 0.00025 0.00025 0 0 0 0 0 0 14  8  6 s 0 0 0 0 0 0 13  7  6 a 88FuDiJoHa.511
167.775790 0.00025 0.00025 0 0 0 0 0 0 14  8  6 a 0 0 0 0 0 0 13  7  6 s 88FuDiJoHa.512
167.804640 0.00025 0.00025 0 0 0 0 0 0 14  4 10 s 0 0 0 0 0 0 13  3 10 a 88FuDiJoHa.513
168.025590 0.00025 0.00025 0 0 0 0 0 0 14  4 10 a 0 0 0 0 0 0 13  3 10 s 88FuDiJoHa.514
168.316950 0.00025 0.00025 0 0 0 0 0 0 14  5 10 a 0 0 0 0 0 0 13  4 10 s 88FuDiJoHa.516
169.416600 0.00025 0.00025 0 0 0 0 0 0 14  3 11 s 0 0 0 0 0 0 13  2 11 a 88FuDiJoHa.517
169.439770 0.00025 0.00025 0 0 0 0 0 0 14  4 11 s 0 0 0 0 0 0 13  3 11 a 88FuDiJoHa.518
169.675340 0.00025 0.00025 0 0 0 0 0 0 14  3 11 a 0 0 0 0 0 0 13  2 11 s 88FuDiJoHa.519
169.696320 0.00025 0.00025 0 0 0 0 0 0 14  4 11 a 0 0 0 0 0 0 13  3 11 s 88FuDiJoHa.520
170.154360 0.00025 0.00025 0 0 0 0 0 0 15  7  8 s 0 0 0 0 0 0 14  6  8 a 88FuDiJoHa.521
170.281550 0.00025 0.00025 0 0 0 0 0 0 14  8  7 s 0 0 0 0 0 0 13  7  7 a 88FuDiJoHa.522
170.325840 0.00025 0.00025 0 0 0 0 0 0 15  7  8 a 0 0 0 0 0 0 14  6  8 s 88FuDiJoHa.523
170.413320 0.00025 0.00025 0 0 0 0 0 0 14  8  7 a 0 0 0 0 0 0 13  7  7 s 88FuDiJoHa.524
170.570060 0.00025 0.00025 0 0 0 0 0 0 14  3 12 s 0 0 0 0 0 0 13  2 12 a 88FuDiJoHa.525
170.570060 0.00025 0.00025 0 0 0 0 0 0 14  2 12 s 0 0 0 0 0 0 13  1 12 a 88FuDiJoHa.526
170.677570 0.00025 0.00025 0 0 0 0 0 0 14  2 12 a 0 0 0 0 0 0 13  1 12 s 88FuDiJoHa.528
170.877570 0.00025 0.00025 0 0 0 0 0 0 14  3 12 a 0 0 0 0 0 0 13  2 12 s 88FuDiJoHa.527
171.288650 0.00025 0.00025 0 0 0 0 0 0 13 10  4 s 0 0 0 0 0 0 12  9  4 a 88FuDiJoHa.530
171.288660 0.00025 0.00025 0 0 0 0 0 0 13 10  3 s 0 0 0 0 0 0 12  9  3 a 88FuDiJoHa.529
171.474110 0.00025 0.00025 0 0 0 0 0 0 13 10  3 a 0 0 0 0 0 0 12  9  3 s 88FuDiJoHa.531
171.474110 0.00025 0.00025 0 0 0 0 0 0 13 10  4 a 0 0 0 0 0 0 12  9  4 s 88FuDiJoHa.532
171.524900 0.00025 0.00025 0 0 0 0 0 0 14  2 13 s 0 0 0 0 0 0 13  1 13 a 88FuDiJoHa.533
171.524980 0.00025 0.00025 0 0 0 0 0 0 14  1 13 s 0 0 0 0 0 0 13  0 13 a 88FuDiJoHa.534
171.902220 0.00025 0.00025 0 0 0 0 0 0 14  1 13 a 0 0 0 0 0 0 13  0 13 s 88FuDiJoHa.535
171.902220 0.00025 0.00025 0 0 0 0 0 0 14  2 13 a 0 0 0 0 0 0 13  1 13 s 88FuDiJoHa.536
171.951330 0.00025 0.00025 0 0 0 0 0 0 12 12  0 s 0 0 0 0 0 0 11 11  0 a 88FuDiJoHa.537
171.951330 0.00025 0.00025 0 0 0 0 0 0 12 12  1 s 0 0 0 0 0 0 11 11  1 a 88FuDiJoHa.538
172.103090 0.00025 0.00025 0 0 0 0 0 0 12 12  0 a 0 0 0 0 0 0 11 11  0 s 88FuDiJoHa.539
172.103090 0.00025 0.00025 0 0 0 0 0 0 12 12  1 a 0 0 0 0 0 0 11 11  1 s 88FuDiJoHa.540
172.976550 0.00025 0.00025 0 0 0 0 0 0 15  6  9 s 0 0 0 0 0 0 14  5  9 a 88FuDiJoHa.541
173.157350 0.00025 0.00025 0 0 0 0 0 0 15  6  9 a 0 0 0 0 0 0 14  5  9 s 88FuDiJoHa.542
174.614470 0.00025 0.00025 0 0 0 0 0 0 14  9  5 s 0 0 0 0 0 0 13  8  5 a 88FuDiJoHa.543
174.756000 0.00025 0.00025 0 0 0 0 0 0 14  9  6 a 0 0 0 0 0 0 13  8  5 a 88FuDiJoHa.544
174.848920 0.00025 0.00025 0 0 0 0 0 0 14  9  5 a 0 0 0 0 0 0 13  8  5 s 88FuDiJoHa.545
175.035900 0.00025 0.00025 0 0 0 0 0 0 15  8  7 s 0 0 0 0 0 0 14  7  7 a 88FuDiJoHa.546
175.122180 0.00025 0.00025 0 0 0 0 0 0 14  9  6 s 0 0 0 0 0 0 13  8  6 a 88FuDiJoHa.547
175.177210 0.00025 0.00025 0 0 0 0 0 0 15  8  7 a 0 0 0 0 0 0 14  7  7 s 88FuDiJoHa.548
175.214200 0.00025 0.00025 0 0 0 0 0 0 14  9  5 s 0 0 0 0 0 0 13  8  6 s 88FuDiJoHa.549
175.355720 0.00025 0.00025 0 0 0 0 0 0 14  9  6 a 0 0 0 0 0 0 13  8  6 s 88FuDiJoHa.550
176.307970 0.00025 0.00025 0 0 0 0 0 0 13 11  2 s 0 0 0 0 0 0 12 10  2 a 88FuDiJoHa.551
176.307970 0.00025 0.00025 0 0 0 0 0 0 13 11  3 s 0 0 0 0 0 0 12 10  3 a 88FuDiJoHa.552
176.475860 0.00025 0.00025 0 0 0 0 0 0 13 11  2 a 0 0 0 0 0 0 12 10  2 s 88FuDiJoHa.553
176.475860 0.00025 0.00025 0 0 0 0 0 0 13 11  3 a 0 0 0 0 0 0 12 10  3 s 88FuDiJoHa.554
177.693760 0.00025 0.00025 0 0 0 0 0 0 15  5 10 s 0 0 0 0 0 0 14  4 10 a 88FuDiJoHa.555
177.883400 0.00025 0.00025 0 0 0 0 0 0 15  5 10 a 0 0 0 0 0 0 14  4 10 s 88FuDiJoHa.556
178.172220 0.00025 0.00025 0 0 0 0 0 0 15  7  9 s 0 0 0 0 0 0 14  6  9 a 88FuDiJoHa.557
178.330870 0.00025 0.00025 0 0 0 0 0 0 15  7  9 a 0 0 0 0 0 0 14  6  9 s 88FuDiJoHa.558
178.777520 0.00025 0.00025 0 0 0 0 0 0 15  6 10 s 0 0 0 0 0 0 14  5 10 a 88FuDiJoHa.559
178.961470 0.00025 0.00025 0 0 0 0 0 0 15  6 10 a 0 0 0 0 0 0 14  5 10 s 88FuDiJoHa.560
179.924790 0.00025 0.00025 0 0 0 0 0 0 15  8  8 s 0 0 0 0 0 0 14  7  8 a 88FuDiJoHa.561
180.054710 0.00025 0.00025 0 0 0 0 0 0 15  8  8 a 0 0 0 0 0 0 14  7  8 s 88FuDiJoHa.562
180.116780 0.00025 0.00025 0 0 0 0 0 0 15  4 11 s 0 0 0 0 0 0 14  3 11 a 88FuDiJoHa.563
180.228290 0.00025 0.00025 0 0 0 0 0 0 15  5 11 s 0 0 0 0 0 0 14  4 11 a 88FuDiJoHa.564
180.291560 0.00025 0.00025 0 0 0 0 0 0 14 10  4 s 0 0 0 0 0 0 13  9  4 a 88FuDiJoHa.565
180.304240 0.00025 0.00025 0 0 0 0 0 0 14 10  5 s 0 0 0 0 0 0 13  9  5 a 88FuDiJoHa.566
180.332050 0.00025 0.00025 0 0 0 0 0 0 15  4 11 a 0 0 0 0 0 0 14  3 11 s 88FuDiJoHa.567
180.442540 0.00025 0.00025 0 0 0 0 0 0 15  5 11 a 0 0 0 0 0 0 14  4 11 s 88FuDiJoHa.568
180.480650 0.00025 0.00025 0 0 0 0 0 0 14 10  4 a 0 0 0 0 0 0 13  9  4 s 88FuDiJoHa.569
180.493330 0.00025 0.00025 0 0 0 0 0 0 14 10  5 a 0 0 0 0 0 0 13  9  5 s 88FuDiJoHa.570
181.143420 0.00025 0.00025 0 0 0 0 0 0 13 12  1 s 0 0 0 0 0 0 12 11  1 a 88FuDiJoHa.572
181.143420 0.00025 0.00025 0 0 0 0 0 0 13 12  2 s 0 0 0 0 0 0 12 11  2 a 88FuDiJoHa.571
181.293130 0.00025 0.00025 0 0 0 0 0 0 13 12  1 a 0 0 0 0 0 0 12 11  1 s 88FuDiJoHa.574
181.293130 0.00025 0.00025 0 0 0 0 0 0 13 12  2 a 0 0 0 0 0 0 12 11  2 s 88FuDiJoHa.573
181.580110 0.00025 0.00025 0 0 0 0 0 0 15  3 12 s 0 0 0 0 0 0 14  2 12 a 88FuDiJoHa.575
181.586660 0.00025 0.00025 0 0 0 0 0 0 15  4 12 s 0 0 0 0 0 0 14  3 12 a 88FuDiJoHa.576
181.835330 0.00025 0.00025 0 0 0 0 0 0 15  3 12 a 0 0 0 0 0 0 14  2 12 s 88FuDiJoHa.577
181.842140 0.00025 0.00025 0 0 0 0 0 0 15  4 12 a 0 0 0 0 0 0 14  3 12 s 88FuDiJoHa.578
182.728220 0.00025 0.00025 0 0 0 0 0 0 15  2 13 s 0 0 0 0 0 0 14  1 13 a 88FuDiJoHa.579
182.728220 0.00025 0.00025 0 0 0 0 0 0 15  3 13 s 0 0 0 0 0 0 14  2 13 a 88FuDiJoHa.580
182.864330 0.00025 0.00025 0 0 0 0 0 0 16  8  8 s 0 0 0 0 0 0 15  7  8 a 88FuDiJoHa.581
183.002990 0.00025 0.00025 0 0 0 0 0 0 16  8  8 a 0 0 0 0 0 0 15  7  8 s 88FuDiJoHa.582
183.033940 0.00025 0.00025 0 0 0 0 0 0 15  9  6 s 0 0 0 0 0 0 14  8  6 a 88FuDiJoHa.583
183.039560 0.00025 0.00025 0 0 0 0 0 0 15  3 13 a 0 0 0 0 0 0 14  2 13 s 88FuDiJoHa.584
183.039560 0.00025 0.00025 0 0 0 0 0 0 15  2 13 a 0 0 0 0 0 0 14  1 13 s 88FuDiJoHa.585
183.132730 0.00025 0.00025 0 0 0 0 0 0 15  9  6 a 0 0 0 0 0 0 14  8  6 s 88FuDiJoHa.586
183.718640 0.00025 0.00025 0 0 0 0 0 0 15  1 14 s 0 0 0 0 0 0 14  0 14 a 88FuDiJoHa.587
183.718640 0.00025 0.00025 0 0 0 0 0 0 15  2 14 s 0 0 0 0 0 0 14  1 14 a 88FuDiJoHa.588
184.105880 0.00025 0.00025 0 0 0 0 0 0 15  2 14 a 0 0 0 0 0 0 14  1 14 s 88FuDiJoHa.589
184.105880 0.00025 0.00025 0 0 0 0 0 0 15  1 14 a 0 0 0 0 0 0 14  0 14 s 88FuDiJoHa.590
184.119490 0.00025 0.00025 0 0 0 0 0 0 15  9  7 s 0 0 0 0 0 0 14  8  7 a 88FuDiJoHa.591
184.216610 0.00025 0.00025 0 0 0 0 0 0 15  9  7 a 0 0 0 0 0 0 14  8  7 s 88FuDiJoHa.592
185.399610 0.00025 0.00025 0 0 0 0 0 0 14 11  4 s 0 0 0 0 0 0 13 10  4 a 88FuDiJoHa.593
185.399610 0.00025 0.00025 0 0 0 0 0 0 14 11  3 s 0 0 0 0 0 0 13 10  3 a 88FuDiJoHa.594
185.564890 0.00025 0.00025 0 0 0 0 0 0 14 11  3 a 0 0 0 0 0 0 13 10  3 s 88FuDiJoHa.595
185.564890 0.00025 0.00025 0 0 0 0 0 0 14 11  4 a 0 0 0 0 0 0 13 10  4 s 88FuDiJoHa.596
185.807920 0.00025 0.00025 0 0 0 0 0 0 13 13  0 s 0 0 0 0 0 0 12 12  0 a 88FuDiJoHa.598
185.807920 0.00025 0.00025 0 0 0 0 0 0 13 13  1 s 0 0 0 0 0 0 12 12  1 a 88FuDiJoHa.597
185.940170 0.00025 0.00025 0 0 0 0 0 0 13 13  0 a 0 0 0 0 0 0 12 12  0 s 88FuDiJoHa.600
185.946170 0.00025 0.00025 0 0 0 0 0 0 13 13  1 a 0 0 0 0 0 0 12 12  1 s 88FuDiJoHa.599
186.455160 0.00025 0.00025 0 0 0 0 0 0 16  6 10 s 0 0 0 0 0 0 15  5 10 a 88FuDiJoHa.601
186.621070 0.00025 0.00025 0 0 0 0 0 0 16  6 10 a 0 0 0 0 0 0 15  5 10 s 88FuDiJoHa.602
189.161370 0.00025 0.00025 0 0 0 0 0 0 15 10  6 s 0 0 0 0 0 0 14  9  6 a 88FuDiJoHa.603
189.264750 0.00025 0.00025 0 0 0 0 0 0 15 10  5 a 0 0 0 0 0 0 14  9  6 a 88FuDiJoHa.604
189.303020 0.00025 0.00025 0 0 0 0 0 0 15 10  6 s 0 0 0 0 0 0 14  9  5 s 88FuDiJoHa.605
189.349080 0.00025 0.00025 0 0 0 0 0 0 15 10  5 s 0 0 0 0 0 0 14  9  6 s 88FuDiJoHa.606
189.406070 0.00025 0.00025 0 0 0 0 0 0 15 10  5 a 0 0 0 0 0 0 14  9  5 s 88FuDiJoHa.607
189.430060 0.00025 0.00025 0 0 0 0 0 0 15 10  6 a 0 0 0 0 0 0 14  9  6 s 88FuDiJoHa.608
189.524810 0.00025 0.00025 0 0 0 0 0 0 16  7 10 s 0 0 0 0 0 0 15  6 10 a 88FuDiJoHa.609
189.676670 0.00025 0.00025 0 0 0 0 0 0 16  7 10 a 0 0 0 0 0 0 15  6 10 s 88FuDiJoHa.610
190.161970 0.00025 0.00025 0 0 0 0 0 0 16  8  9 a 0 0 0 0 0 0 15  7  9 s 88FuDiJoHa.611
190.283590 0.00025 0.00025 0 0 0 0 0 0 14 12  2 s 0 0 0 0 0 0 13 11  2 a 88FuDiJoHa.612
190.283590 0.00025 0.00025 0 0 0 0 0 0 14 12  3 s 0 0 0 0 0 0 13 11  3 a 88FuDiJoHa.613
190.308930 0.00025 0.00025 0 0 0 0 0 0 16  5 11 s 0 0 0 0 0 0 15  4 11 a 88FuDiJoHa.614
190.430840 0.00025 0.00025 0 0 0 0 0 0 14 12  2 a 0 0 0 0 0 0 13 11  2 s 88FuDiJoHa.615
190.430840 0.00025 0.00025 0 0 0 0 0 0 14 12  3 a 0 0 0 0 0 0 13 11  3 s 88FuDiJoHa.616
190.691420 0.00025 0.00025 0 0 0 0 0 0 16  9  7 s 0 0 0 0 0 0 15  8  7 a 88FuDiJoHa.617
190.775580 0.00025 0.00025 0 0 0 0 0 0 16  6 11 s 0 0 0 0 0 0 15  5 11 a 88FuDiJoHa.618
190.953340 0.00025 0.00025 0 0 0 0 0 0 16  6 11 a 0 0 0 0 0 0 15  5 11 s 88FuDiJoHa.619
192.118260 0.00025 0.00025 0 0 0 0 0 0 17  8  9 a 0 0 0 0 0 0 16  7  9 s 88FuDiJoHa.620
192.297650 0.00025 0.00025 0 0 0 0 0 0 16  4 12 s 0 0 0 0 0 0 15  3 12 a 88FuDiJoHa.621
192.337850 0.00025 0.00025 0 0 0 0 0 0 16  5 12 s 0 0 0 0 0 0 15  4 12 a 88FuDiJoHa.622
192.507680 0.00025 0.00025 0 0 0 0 0 0 16  4 12 a 0 0 0 0 0 0 15  3 12 s 88FuDiJoHa.623
192.548110 0.00025 0.00025 0 0 0 0 0 0 16  5 12 a 0 0 0 0 0 0 15  4 12 s 88FuDiJoHa.624
193.341380 0.00025 0.00025 0 0 0 0 0 0 16  9  8 a 0 0 0 0 0 0 15  8  8 s 88FuDiJoHa.625
193.694700 0.00025 0.00025 0 0 0 0 0 0 16  4 13 s 0 0 0 0 0 0 15  3 13 a 88FuDiJoHa.626
193.694700 0.00025 0.00025 0 0 0 0 0 0 16  3 13 s 0 0 0 0 0 0 15  2 13 a 88FuDiJoHa.627
193.949980 0.00025 0.00025 0 0 0 0 0 0 16  3 13 a 0 0 0 0 0 0 15  2 13 s 88FuDiJoHa.628
193.949980 0.00025 0.00025 0 0 0 0 0 0 16  4 13 a 0 0 0 0 0 0 15  3 13 s 88FuDiJoHa.629
194.409590 0.00025 0.00025 0 0 0 0 0 0 15 11  4 s 0 0 0 0 0 0 14 10  4 a 88FuDiJoHa.630
194.409590 0.00025 0.00025 0 0 0 0 0 0 15 11  5 s 0 0 0 0 0 0 14 10  5 a 88FuDiJoHa.631
194.430110 0.00025 0.00025 0 0 0 0 0 0 17  7 10 a 0 0 0 0 0 0 16  6 10 s 88FuDiJoHa.632
194.570050 0.00025 0.00025 0 0 0 0 0 0 15 11  4 a 0 0 0 0 0 0 14 10  4 s 88FuDiJoHa.633
194.570050 0.00025 0.00025 0 0 0 0 0 0 15 11  5 a 0 0 0 0 0 0 14 10  5 s 88FuDiJoHa.634
194.857270 0.00025 0.00025 0 0 0 0 0 0 16  2 14 s 0 0 0 0 0 0 15  1 14 a 88FuDiJoHa.636
194.857270 0.00025 0.00025 0 0 0 0 0 0 16  3 14 s 0 0 0 0 0 0 15  2 14 a 88FuDiJoHa.635
194.982680 0.00025 0.00025 0 0 0 0 0 0 14 13  1 s 0 0 0 0 0 0 13 12  1 a 88FuDiJoHa.637
194.982680 0.00025 0.00025 0 0 0 0 0 0 14 13  2 s 0 0 0 0 0 0 13 12  2 a 88FuDiJoHa.638
195.112810 0.00025 0.00025 0 0 0 0 0 0 14 13  2 a 0 0 0 0 0 0 13 12  2 s 88FuDiJoHa.639
195.112810 0.00025 0.00025 0 0 0 0 0 0 14 13  1 a 0 0 0 0 0 0 13 12  1 s 88FuDiJoHa.640
195.173660 0.00025 0.00025 0 0 0 0 0 0 16  3 14 a 0 0 0 0 0 0 15  2 14 s 88FuDiJoHa.641
195.173660 0.00025 0.00025 0 0 0 0 0 0 16  2 14 a 0 0 0 0 0 0 15  1 14 s 88FuDiJoHa.642
195.889720 0.00025 0.00025 0 0 0 0 0 0 16  2 15 s 0 0 0 0 0 0 15  1 15 a 88FuDiJoHa.643
195.889720 0.00025 0.00025 0 0 0 0 0 0 16  1 15 s 0 0 0 0 0 0 15  0 15 a 88FuDiJoHa.644
196.289960 0.00025 0.00025 0 0 0 0 0 0 16  2 15 a 0 0 0 0 0 0 15  1 15 s 88FuDiJoHa.645
196.289960 0.00025 0.00025 0 0 0 0 0 0 16  1 15 a 0 0 0 0 0 0 15  0 15 s 88FuDiJoHa.646
197.804600 0.00025 0.00025 0 0 0 0 0 0 16 10  7 a 0 0 0 0 0 0 15  9  6 a 88FuDiJoHa.647
197.867350 0.00025 0.00025 0 0 0 0 0 0 16 10  6 a 0 0 0 0 0 0 15  9  6 s 88FuDiJoHa.648
197.938780 0.00025 0.00025 0 0 0 0 0 0 17  9  8 a 0 0 0 0 0 0 16  8  8 s 88FuDiJoHa.649
198.224090 0.00025 0.00025 0 0 0 0 0 0 16 10  6 s 0 0 0 0 0 0 15  9  7 s 88FuDiJoHa.650
199.359320 0.00025 0.00025 0 0 0 0 0 0 15 12  4 s 0 0 0 0 0 0 14 11  4 a 88FuDiJoHa.651
199.359320 0.00025 0.00025 0 0 0 0 0 0 15 12  3 s 0 0 0 0 0 0 14 11  3 a 88FuDiJoHa.652
199.503810 0.00025 0.00025 0 0 0 0 0 0 15 12  3 a 0 0 0 0 0 0 14 11  3 s 88FuDiJoHa.653
199.503810 0.00025 0.00025 0 0 0 0 0 0 15 12  4 a 0 0 0 0 0 0 14 11  4 s 88FuDiJoHa.654
199.503810 0.00025 0.00025 0 0 0 0 0 0 14 14  0 s 0 0 0 0 0 0 13 13  0 a 88FuDiJoHa.655
199.503810 0.00025 0.00025 0 0 0 0 0 0 14 14  1 s 0 0 0 0 0 0 13 13  1 a 88FuDiJoHa.656
199.617510 0.00025 0.00025 0 0 0 0 0 0 14 14  1 a 0 0 0 0 0 0 13 13  1 s 88FuDiJoHa.657
199.617510 0.00025 0.00025 0 0 0 0 0 0 14 14  0 a 0 0 0 0 0 0 13 13  0 s 88FuDiJoHa.658
199.799720 0.00025 0.00025 0 0 0 0 0 0 17  6 11 a 0 0 0 0 0 0 16  5 11 s 88FuDiJoHa.659
200.669880 0.00025 0.00025 0 0 0 0 0 0 17  8 10 s 0 0 0 0 0 0 16  7 10 a 88FuDiJoHa.660
200.792420 0.00025 0.00025 0 0 0 0 0 0 17  8 10 a 0 0 0 0 0 0 16  7 10 s 88FuDiJoHa.661
201.207170 0.00025 0.00025 0 0 0 0 0 0 17  7 11 s 0 0 0 0 0 0 16  6 11 a 88FuDiJoHa.662
202.801070 0.00025 0.00025 0 0 0 0 0 0 17  5 12 a 0 0 0 0 0 0 16  4 12 s 88FuDiJoHa.663
202.986210 0.00025 0.00025 0 0 0 0 0 0 17  6 12 a 0 0 0 0 0 0 16  5 12 s 88FuDiJoHa.664
203.307460 0.00025 0.00025 0 0 0 0 0 0 16 11  5 s 0 0 0 0 0 0 15 10  5 a 88FuDiJoHa.665
203.474390 0.00025 0.00025 0 0 0 0 0 0 16 11  5 a 0 0 0 0 0 0 15 10  5 s 88FuDiJoHa.666
203.483700 0.00025 0.00025 0 0 0 0 0 0 16 11  6 a 0 0 0 0 0 0 15 10  6 s 88FuDiJoHa.667
204.103390 0.00025 0.00025 0 0 0 0 0 0 15 13  2 s 0 0 0 0 0 0 14 12  2 a 88FuDiJoHa.668
204.103390 0.00025 0.00025 0 0 0 0 0 0 15 13  3 s 0 0 0 0 0 0 14 12  3 a 88FuDiJoHa.669
204.230990 0.00025 0.00025 0 0 0 0 0 0 15 13  2 a 0 0 0 0 0 0 14 12  2 s 88FuDiJoHa.670
204.230990 0.00025 0.00025 0 0 0 0 0 0 15 13  3 a 0 0 0 0 0 0 14 12  3 s 88FuDiJoHa.671
204.393320 0.00025 0.00025 0 0 0 0 0 0 17  4 13 s 0 0 0 0 0 0 16  3 13 a 88FuDiJoHa.672
204.407490 0.00025 0.00025 0 0 0 0 0 0 17  5 13 s 0 0 0 0 0 0 16  4 13 a 88FuDiJoHa.673
204.598580 0.00025 0.00025 0 0 0 0 0 0 17  4 13 a 0 0 0 0 0 0 16  3 13 s 88FuDiJoHa.674
205.767430 0.00025 0.00025 0 0 0 0 0 0 17  3 14 s 0 0 0 0 0 0 16  2 14 a 88FuDiJoHa.675
205.767430 0.00025 0.00025 0 0 0 0 0 0 17  4 14 s 0 0 0 0 0 0 16  3 14 a 88FuDiJoHa.676
206.022180 0.00025 0.00025 0 0 0 0 0 0 17  3 14 a 0 0 0 0 0 0 16  2 14 s 88FuDiJoHa.678
206.022180 0.00025 0.00025 0 0 0 0 0 0 17  4 14 a 0 0 0 0 0 0 16  3 14 s 88FuDiJoHa.677
206.957670 0.00025 0.00025 0 0 0 0 0 0 17  2 15 s 0 0 0 0 0 0 16  1 15 a 88FuDiJoHa.680
206.957670 0.00025 0.00025 0 0 0 0 0 0 17  3 15 s 0 0 0 0 0 0 16  2 15 a 88FuDiJoHa.679
207.006030 0.00025 0.00025 0 0 0 0 0 0 17 10  8 s 0 0 0 0 0 0 16  9  8 a 88FuDiJoHa.681
207.280830 0.00025 0.00025 0 0 0 0 0 0 17  2 15 a 0 0 0 0 0 0 16  1 15 s 88FuDiJoHa.682
207.280830 0.00025 0.00025 0 0 0 0 0 0 17  3 15 a 0 0 0 0 0 0 16  2 15 s 88FuDiJoHa.683
208.038400 0.00025 0.00025 0 0 0 0 0 0 17  1 16 s 0 0 0 0 0 0 16  0 16 a 88FuDiJoHa.684
208.038400 0.00025 0.00025 0 0 0 0 0 0 17  2 16 s 0 0 0 0 0 0 16  1 16 a 88FuDiJoHa.685
208.357440 0.00025 0.00025 0 0 0 0 0 0 16 12  4 s 0 0 0 0 0 0 15 11  4 a 88FuDiJoHa.686
208.357440 0.00025 0.00025 0 0 0 0 0 0 16 12  5 s 0 0 0 0 0 0 15 11  5 a 88FuDiJoHa.687
208.499480 0.00025 0.00025 0 0 0 0 0 0 16 12  4 a 0 0 0 0 0 0 15 11  4 s 88FuDiJoHa.688
208.499480 0.00025 0.00025 0 0 0 0 0 0 16 12  5 a 0 0 0 0 0 0 15 11  5 s 88FuDiJoHa.689
208.659500 0.00025 0.00025 0 0 0 0 0 0 15 14  2 s 0 0 0 0 0 0 14 13  2 a 88FuDiJoHa.691
208.659500 0.00025 0.00025 0 0 0 0 0 0 15 14  1 s 0 0 0 0 0 0 14 13  1 a 88FuDiJoHa.690
208.771550 0.00025 0.00025 0 0 0 0 0 0 15 14  1 a 0 0 0 0 0 0 14 13  1 s 88FuDiJoHa.692
208.771550 0.00025 0.00025 0 0 0 0 0 0 15 14  2 a 0 0 0 0 0 0 14 13  2 s 88FuDiJoHa.693
212.142360 0.00025 0.00025 0 0 0 0 0 0 17 11  6 a 0 0 0 0 0 0 16 10  7 a 88FuDiJoHa.694
212.360090 0.00025 0.00025 0 0 0 0 0 0 18  6 12 s 0 0 0 0 0 0 17  5 12 a 88FuDiJoHa.695
213.031740 0.00025 0.00025 0 0 0 0 0 0 15 15  0 s 0 0 0 0 0 0 14 14  0 a 88FuDiJoHa.696
213.031740 0.00025 0.00025 0 0 0 0 0 0 15 15  1 s 0 0 0 0 0 0 14 14  1 a 88FuDiJoHa.697
213.128580 0.00025 0.00025 0 0 0 0 0 0 15 15  0 a 0 0 0 0 0 0 14 14  0 s 88FuDiJoHa.698
213.128580 0.00025 0.00025 0 0 0 0 0 0 15 15  1 a 0 0 0 0 0 0 14 14  1 s 88FuDiJoHa.699
213.159790 0.00025 0.00025 0 0 0 0 0 0 16 13  3 s 0 0 0 0 0 0 15 12  3 a 88FuDiJoHa.701
213.159790 0.00025 0.00025 0 0 0 0 0 0 16 13  4 s 0 0 0 0 0 0 15 12  4 a 88FuDiJoHa.700
213.285650 0.00025 0.00025 0 0 0 0 0 0 16 13  3 a 0 0 0 0 0 0 15 12  3 s 88FuDiJoHa.702
213.285650 0.00025 0.00025 0 0 0 0 0 0 16 13  4 a 0 0 0 0 0 0 15 12  4 s 88FuDiJoHa.703
214.836690 0.00025 0.00025 0 0 0 0 0 0 18  6 13 s 0 0 0 0 0 0 17  5 13 a 88FuDiJoHa.704
216.003020 0.00025 0.00025 0 0 0 0 0 0 18 10  9 a 0 0 0 0 0 0 17  9  9 s 88FuDiJoHa.705
217.401170 0.00025 0.00025 0 0 0 0 0 0 17 12  5 a 0 0 0 0 0 0 16 11  5 s 88FuDiJoHa.706
217.401170 0.00025 0.00025 0 0 0 0 0 0 17 12  6 a 0 0 0 0 0 0 16 11  6 s 88FuDiJoHa.707
217.759140 0.00025 0.00025 0 0 0 0 0 0 16 14  2 s 0 0 0 0 0 0 15 13  2 a 88FuDiJoHa.709
217.759140 0.00025 0.00025 0 0 0 0 0 0 16 14  3 s 0 0 0 0 0 0 15 13  3 a 88FuDiJoHa.708
217.801970 0.00025 0.00025 0 0 0 0 0 0 18  3 15 s 0 0 0 0 0 0 17  2 15 a 88FuDiJoHa.711
217.801970 0.00025 0.00025 0 0 0 0 0 0 18  4 15 s 0 0 0 0 0 0 17  3 15 a 88FuDiJoHa.710
217.868990 0.00025 0.00025 0 0 0 0 0 0 16 14  3 a 0 0 0 0 0 0 15 13  3 s 88FuDiJoHa.712
217.868990 0.00025 0.00025 0 0 0 0 0 0 16 14  2 a 0 0 0 0 0 0 15 13  2 s 88FuDiJoHa.713
218.056610 0.00025 0.00025 0 0 0 0 0 0 18  4 15 a 0 0 0 0 0 0 17  3 15 s 88FuDiJoHa.714
218.056610 0.00025 0.00025 0 0 0 0 0 0 18  3 15 a 0 0 0 0 0 0 17  2 15 s 88FuDiJoHa.715
219.029030 0.00025 0.00025 0 0 0 0 0 0 18  3 16 s 0 0 0 0 0 0 17  2 16 a 88FuDiJoHa.716
219.029030 0.00025 0.00025 0 0 0 0 0 0 18  2 16 s 0 0 0 0 0 0 17  1 16 a 88FuDiJoHa.717
219.357440 0.00025 0.00025 0 0 0 0 0 0 18  2 16 a 0 0 0 0 0 0 17  1 16 s 88FuDiJoHa.719
219.357440 0.00025 0.00025 0 0 0 0 0 0 18  3 16 a 0 0 0 0 0 0 17  2 16 s 88FuDiJoHa.718
