110812.85 0.01 0.01 0 0 0 0 0 0  1 1  0 s 0 0 0 0 0 0  1 0  1 a  75DeHe.1
 110896.7 0.10 0.10 0 0 0 0 0 0  1 1  0 a 0 0 0 0 0 0  1 0  1 s  75DeHe.2
335446.53 0.01 0.01 0 0 0 0 0 0  1 1  1 s 0 0 0 0 0 0  0 0  0 a  75DeHe.3
335514.01 0.01 0.01 0 0 0 0 0 0  1 1  1 a 0 0 0 0 0 0  0 0  0 s  75DeHe.4
 57674.76 0.01 0.01 0 0 0 0 0 0  1 1  1 s 0 0 0 0 0 0  1 0  1 a  75DeHe.5
 67841.52 0.01 0.01 0 0 0 0 0 0  1 1  1 a 0 0 0 0 0 0  1 0  1 s  75DeHe.6
378500.42 0.01 0.01 0 0 0 0 0 0  1 1  0 s 0 0 0 0 0 0  0 0  0 a  75DeHe.7
388651.92 0.01 0.01 0 0 0 0 0 0  1 1  0 a 0 0 0 0 0 0  0 0  0 s  75DeHe.8
177819.69 0.01 0.01 0 0 0 0 0 0  2 1  1 s 0 0 0 0 0 0  2 0  2 a  75DeHe.9
177921.57 0.01 0.01 0 0 0 0 0 0  2 1  1 a 0 0 0 0 0 0  2 0  2 s 75DeHe.10
332190.51 0.01 0.01 0 0 0 0 0 0  2 2  1 s 0 0 0 0 0 0  2 1  2 a 75DeHe.11
332445.93 0.01 0.01 0 0 0 0 0 0  2 2  1 a 0 0 0 0 0 0  2 1  2 s 75DeHe.12
206971.86 0.01 0.01 0 0 0 0 0 0  2 2  0 s 0 0 0 0 0 0  2 1  1 a 75DeHe.13
207170.50 0.01 0.01 0 0 0 0 0 0  2 2  0 a 0 0 0 0 0 0  2 1  1 s 75DeHe.14
463628.59 0.01 0.01 0 0 0 0 0 0  2 0  2 s 0 0 0 0 0 0  1 1  1 a 75DeHe.15
463688.49 0.01 0.01 0 0 0 0 0 0  2 0  2 a 0 0 0 0 0 0  1 1  1 s 75DeHe.16
 28560.90 0.01 0.01 0 0 0 0 0 0  2 1  2 s 0 0 0 0 0 0  2 0  2 a 75DeHe.17
 38739.13 0.01 0.01 0 0 0 0 0 0  2 1  2 a 0 0 0 0 0 0  2 0  2 s 75DeHe.18
346353.43 0.01 0.01 0 0 0 0 0 0  2 2  0 s 0 0 0 0 0 0  2 1  2 a 75DeHe.19
356229.21 0.01 0.01 0 0 0 0 0 0  2 2  0 a 0 0 0 0 0 0  2 1  2 s 75DeHe.20
183188.33 0.01 0.01 0 0 0 0 0 0  2 2  1 s 0 0 0 0 0 0  2 1  1 a 75DeHe.21
193007.79 0.01 0.01 0 0 0 0 0 0  2 2  1 a 0 0 0 0 0 0  2 1  1 s 75DeHe.22
410490.71 0.01 0.01 0 0 0 0 0 0  2 0  2 s 0 0 0 0 0 0  1 1  0 a 75DeHe.23
420634.35 0.01 0.01 0 0 0 0 0 0  2 0  2 a 0 0 0 0 0 0  1 1  0 s 75DeHe.24
296477.08 0.01 0.01 0 0 0 0 0 0  3 1  2 s 0 0 0 0 0 0  3 0  3 a 75DeHe.25
296615.90 0.01 0.01 0 0 0 0 0 0  3 1  2 a 0 0 0 0 0 0  3 0  3 s 75DeHe.26
212246.87 0.01 0.01 0 0 0 0 0 0  3 2  1 s 0 0 0 0 0 0  3 1  2 a 75DeHe.27
212411.44 0.01 0.01 0 0 0 0 0 0  3 2  1 a 0 0 0 0 0 0  3 1  2 s 75DeHe.28
  8283.92 0.01 0.01 0 0 0 0 0 0  3 1  3 s 0 0 0 0 0 0  3 0  3 a 75DeHe.29
 18481.91 0.01 0.01 0 0 0 0 0 0  3 1  3 a 0 0 0 0 0 0  3 0  3 s 75DeHe.30
126597.39 0.01 0.01 0 0 0 0 0 0  3 2  2 s 0 0 0 0 0 0  3 1  2 a 75DeHe.31
136382.41 0.01 0.01 0 0 0 0 0 0  3 2  2 a 0 0 0 0 0 0  3 1  2 s 75DeHe.32
208027.20 0.01 0.01 0 0 0 0 0 0  4 2  2 s 0 0 0 0 0 0  4 1  3 a 75DeHe.33
268174.04 0.01 0.01 0 0 0 0 0 0  4 2  2 a 0 0 0 0 0 0  4 1  3 s 75DeHe.34
  69581.6 0.10 0.10 0 0 0 0 0 0  4 2  3 s 0 0 0 0 0 0  4 1  3 a 75DeHe.35
  79302.8 0.10 0.10 0 0 0 0 0 0  4 2  3 a 0 0 0 0 0 0  4 1  3 s 75DeHe.36
287464.75 0.01 0.01 0 0 0 0 0 0  4 3  2 s 0 0 0 0 0 0  4 2  2 a 75DeHe.37
296688.33 0.01 0.01 0 0 0 0 0 0  4 3  2 a 0 0 0 0 0 0  4 2  2 s 75DeHe.38
383352.88 0.01 0.01 0 0 0 0 0 0  5 2  3 s 0 0 0 0 0 0  5 1  4 a 75DeHe.39
383503.49 0.01 0.01 0 0 0 0 0 0  5 2  3 a 0 0 0 0 0 0  5 1  4 s 75DeHe.40
309716.30 0.01 0.01 0 0 0 0 0 0  5 3  2 s 0 0 0 0 0 0  5 2  3 a 75DeHe.41
309962.21 0.01 0.01 0 0 0 0 0 0  5 3  2 a 0 0 0 0 0 0  5 2  3 s 75DeHe.42
 28677.86 0.01 0.01 0 0 0 0 0 0  5 2  4 s 0 0 0 0 0 0  5 1  4 a 75DeHe.43
 38326.84 0.01 0.01 0 0 0 0 0 0  5 2  4 a 0 0 0 0 0 0  5 1  4 s 75DeHe.44
201911.78 0.01 0.01 0 0 0 0 0 0  5 3  3 s 0 0 0 0 0 0  5 2  3 a 75DeHe.45
211056.75 0.01 0.01 0 0 0 0 0 0  5 3  3 a 0 0 0 0 0 0  5 2  3 s 75DeHe.46
  4860.20 0.01 0.01 0 0 0 0 0 0  6 1  6 s 0 0 0 0 0 0  6 0  6 a 75DeHe.47
  5581.08 0.01 0.01 0 0 0 0 0 0  6 1  6 a 0 0 0 0 0 0  6 0  6 s 75DeHe.48
  7801.38 0.01 0.01 0 0 0 0 0 0  6 2  5 s 0 0 0 0 0 0  6 1  5 a 75DeHe.49
 17392.56 0.01 0.01 0 0 0 0 0 0  6 2  5 a 0 0 0 0 0 0  6 1  5 s 75DeHe.50
 118504.0 0.10 0.10 0 0 0 0 0 0  6 3  4 s 0 0 0 0 0 0  6 2  4 a 75DeHe.51
 127523.4 0.10 0.10 0 0 0 0 0 0  6 3  4 a 0 0 0 0 0 0  6 2  4 s 75DeHe.52
395212.30 0.01 0.01 0 0 0 0 0 0  6 4  3 s 0 0 0 0 0 0  6 3  3 a 75DeHe.53
403619.20 0.01 0.01 0 0 0 0 0 0  6 4  3 a 0 0 0 0 0 0  6 3  3 s 75DeHe.54
406603.01 0.01 0.01 0 0 0 0 0 0  7 4  3 s 0 0 0 0 0 0  7 3  4 a 75DeHe.55
406930.11 0.01 0.01 0 0 0 0 0 0  7 4  3 a 0 0 0 0 0 0  7 3  4 s 75DeHe.56
284517.65 0.01 0.01 0 0 0 0 0 0  7 4  4 s 0 0 0 0 0 0  7 3  4 a 75DeHe.57
292819.05 0.01 0.01 0 0 0 0 0 0  7 4  4 a 0 0 0 0 0 0  7 3  4 s 75DeHe.58
  5364.03 0.01 0.01 0 0 0 0 0 0  8 1  8 s 0 0 0 0 0 0  8 0  8 a 75DeHe.59
  5414.15 0.01 0.01 0 0 0 0 0 0  8 1  8 a 0 0 0 0 0 0  8 0  8 s 75DeHe.60
 20608.77 0.01 0.01 0 0 0 0 0 0  8 3  6 s 0 0 0 0 0 0  8 2  6 a 75DeHe.61
 29319.47 0.01 0.01 0 0 0 0 0 0  8 3  6 a 0 0 0 0 0 0  8 2  6 s 75DeHe.62
175855.75 0.01 0.01 0 0 0 0 0 0  8 4  5 s 0 0 0 0 0 0  8 3  5 a 75DeHe.63
183987.87 0.01 0.01 0 0 0 0 0 0  8 4  5 a 0 0 0 0 0 0  8 3  5 s 75DeHe.64
507611.69 0.01 0.01 0 0 0 0 0 0  8 5  4 s 0 0 0 0 0 0  8 4  4 a 75DeHe.65
515037.15 0.01 0.01 0 0 0 0 0 0  8 5  4 a 0 0 0 0 0 0  8 4  4 s 75DeHe.66
  5494.98 0.01 0.01 0 0 0 0 0 0  9 1  9 s 0 0 0 0 0 0  9 0  9 a 75DeHe.67
  5507.75 0.01 0.01 0 0 0 0 0 0  9 1  9 a 0 0 0 0 0 0  9 0  9 s 75DeHe.68
  90438.6 0.10 0.10 0 0 0 0 0 0  9 4  6 s 0 0 0 0 0 0  9 3  6 a 75DeHe.69
  98351.2 0.10 0.10 0 0 0 0 0 0  9 4  6 a 0 0 0 0 0 0  9 3  6 s 75DeHe.70
375035.49 0.01 0.01 0 0 0 0 0 0  9 5  5 s 0 0 0 0 0 0  9 4  5 a 75DeHe.71
382349.03 0.01 0.01 0 0 0 0 0 0  9 5  5 a 0 0 0 0 0 0  9 4  5 s 75DeHe.72
  5631.97 0.01 0.01 0 0 0 0 0 0 10 1 10 s 0 0 0 0 0 0 10 0 10 a 75DeHe.73
  5635.18 0.01 0.01 0 0 0 0 0 0 10 1 10 a 0 0 0 0 0 0 10 0 10 s 75DeHe.74
242328.17 0.01 0.01 0 0 0 0 0 0 10 5  6 s 0 0 0 0 0 0 10 4  6 a 75DeHe.75
249450.08 0.01 0.01 0 0 0 0 0 0 10 5  6 a 0 0 0 0 0 0 10 4  6 s 75DeHe.76
  5786.44 0.01 0.01 0 0 0 0 0 0 11 1 11 s 0 0 0 0 0 0 11 0 11 a 75DeHe.77
  5787.16 0.01 0.01 0 0 0 0 0 0 11 1 11 a 0 0 0 0 0 0 11 0 11 s 75DeHe.78
133334.86 0.01 0.01 0 0 0 0 0 0 11 5  7 s 0 0 0 0 0 0 11 4  7 a 75DeHe.79
140196.78 0.01 0.01 0 0 0 0 0 0 11 5  7 a 0 0 0 0 0 0 11 4  7 s 75DeHe.80
473978.33 0.01 0.01 0 0 0 0 0 0 11 6  6 s 0 0 0 0 0 0 11 5  6 a 75DeHe.81
480221.39 0.01 0.01 0 0 0 0 0 0 11 6  6 a 0 0 0 0 0 0 11 5  6 s 75DeHe.82
318728.36 0.01 0.01 0 0 0 0 0 0 12 6  7 s 0 0 0 0 0 0 12 5  7 a 75DeHe.83
324779.40 0.01 0.01 0 0 0 0 0 0 12 6  7 a 0 0 0 0 0 0 12 5  7 s 75DeHe.84
185718.28 0.01 0.01 0 0 0 0 0 0 13 6  8 s 0 0 0 0 0 0 13 5  8 a 75DeHe.85
191494.99 0.01 0.01 0 0 0 0 0 0 13 6  8 a 0 0 0 0 0 0 13 5  8 s 75DeHe.86