1220.4092 0.0001 0.0001 0 0 0 0 1 0  0 0  0 s 0 0 0 0 0 0  1 1  0 a 06SnHoQu.260
1222.1824 0.0001 0.0001 0 0 0 0 1 0  0 0  0 s 0 0 0 0 0 0  1 1  1 s 06SnHoQu.261
1229.6618 0.0001 0.0001 0 0 0 0 1 0  1 0  1 s 0 0 0 0 0 0  1 1  0 s 06SnHoQu.262
1214.6783 0.0001 0.0001 0 0 0 0 1 0  1 0  1 s 0 0 0 0 0 0  2 1  2 s 06SnHoQu.263
1209.6999 0.0001 0.0001 0 0 0 0 1 0  1 0  1 s 0 0 0 0 0 0  2 1  1 a 06SnHoQu.264
1237.3157 0.0001 0.0001 0 0 0 0 1 0  1 1  0 s 0 0 0 0 0 0  1 0  1 s 06SnHoQu.265
1207.5445 0.0001 0.0001 0 0 0 0 1 0  1 1  0 s 0 0 0 0 0 0  2 2  1 s 06SnHoQu.266
1246.2421 0.0001 0.0001 0 0 0 0 1 0  1 1  0 s 0 0 0 0 0 0  0 0  0 a 06SnHoQu.267
1206.7501 0.0001 0.0001 0 0 0 0 1 0  1 1  0 s 0 0 0 0 0 0  2 2  0 a 06SnHoQu.268
1205.7439 0.0001 0.0001 0 0 0 0 1 0  1 1  1 s 0 0 0 0 0 0  2 2  1 a 06SnHoQu.269
1235.5064 0.0001 0.0001 0 0 0 0 1 0  1 1  1 s 0 0 0 0 0 0  1 0  1 a 06SnHoQu.270
1205.2721 0.0001 0.0001 0 0 0 0 1 0  1 1  1 s 0 0 0 0 0 0  2 2  0 s 06SnHoQu.271
1244.7729 0.0001 0.0001 0 0 0 0 1 0  1 1  1 s 0 0 0 0 0 0  0 0  0 s 06SnHoQu.272
1218.1175 0.0001 0.0001 0 0 0 0 1 0  1 1  1 s 0 0 0 0 0 0  2 0  2 s 06SnHoQu.273
1232.0156 0.0001 0.0001 0 0 0 0 1 0  2 0  2 s 0 0 0 0 0 0  2 1  2 a 06SnHoQu.274
1198.0354 0.0001 0.0001 0 0 0 0 1 0  2 0  2 s 0 0 0 0 0 0  3 1  2 a 06SnHoQu.275
1227.3735 0.0001 0.0001 0 0 0 0 1 0  2 0  2 s 0 0 0 0 0 0  2 1  1 s 06SnHoQu.276
1248.7774 0.0001 0.0001 0 0 0 0 1 0  2 0  2 s 0 0 0 0 0 0  1 1  1 s 06SnHoQu.277
1207.6487 0.0001 0.0001 0 0 0 0 1 0  2 0  2 s 0 0 0 0 0 0  3 1  3 s 06SnHoQu.278
1226.9219 0.0001 0.0001 0 0 0 0 1 0  2 1  1 s 0 0 0 0 0 0  2 2  0 s 06SnHoQu.279
1227.3943 0.0001 0.0001 0 0 0 0 1 0  2 1  1 s 0 0 0 0 0 0  2 2  1 a 06SnHoQu.280
1197.4143 0.0001 0.0001 0 0 0 0 1 0  2 1  1 s 0 0 0 0 0 0  3 2  1 a 06SnHoQu.281
1239.7675 0.0001 0.0001 0 0 0 0 1 0  2 1  1 s 0 0 0 0 0 0  2 0  2 s 06SnHoQu.282
1200.2713 0.0001 0.0001 0 0 0 0 1 0  2 1  1 s 0 0 0 0 0 0  3 2  2 s 06SnHoQu.283
1257.1567 0.0001 0.0001 0 0 0 0 1 0  2 1  1 s 0 0 0 0 0 0  1 0  1 a 06SnHoQu.284
1194.9189 0.0001 0.0001 0 0 0 0 1 0  2 1  2 s 0 0 0 0 0 0  3 2  2 a 06SnHoQu.285
1209.3634 0.0001 0.0001 0 0 0 0 1 0  2 1  2 s 0 0 0 0 0 0  3 0  3 s 06SnHoQu.286
1252.1348 0.0001 0.0001 0 0 0 0 1 0  2 1  2 s 0 0 0 0 0 0  1 0  1 s 06SnHoQu.287
1192.9404 0.0001 0.0001 0 0 0 0 1 0  2 2  0 s 0 0 0 0 0 0  3 3  1 s 06SnHoQu.288
1192.6153 0.0001 0.0001 0 0 0 0 1 0  2 2  0 s 0 0 0 0 0 0  3 3  0 a 06SnHoQu.289
1241.2884 0.0001 0.0001 0 0 0 0 1 0  2 2  0 s 0 0 0 0 0 0  2 1  1 s 06SnHoQu.290
1262.6878 0.0001 0.0001 0 0 0 0 1 0  2 2  0 s 0 0 0 0 0 0  1 1  1 s 06SnHoQu.291
1260.9156 0.0001 0.0001 0 0 0 0 1 0  2 2  0 s 0 0 0 0 0 0  1 1  0 a 06SnHoQu.292
1260.4968 0.0001 0.0001 0 0 0 0 1 0  2 2  1 s 0 0 0 0 0 0  1 1  0 s 06SnHoQu.293
1240.5335 0.0001 0.0001 0 0 0 0 1 0  2 2  1 s 0 0 0 0 0 0  2 1  1 a 06SnHoQu.294
1261.9321 0.0001 0.0001 0 0 0 0 1 0  2 2  1 s 0 0 0 0 0 0  1 1  1 a 06SnHoQu.295
1200.4615 0.0001 0.0001 0 0 0 0 1 0  3 0  3 s 0 0 0 0 0 0  4 1  4 s 06SnHoQu.296
1185.3461 0.0001 0.0001 0 0 0 0 1 0  3 0  3 s 0 0 0 0 0 0  4 1  3 a 06SnHoQu.297
1257.2537 0.0001 0.0001 0 0 0 0 1 0  3 0  3 s 0 0 0 0 0 0  2 1  2 s 06SnHoQu.298
1232.5469 0.0001 0.0001 0 0 0 0 1 0  3 0  3 s 0 0 0 0 0 0  3 1  3 a 06SnHoQu.299
1223.2682 0.0001 0.0001 0 0 0 0 1 0  3 0  3 s 0 0 0 0 0 0  3 1  2 s 06SnHoQu.300
1193.6850 0.0001 0.0001 0 0 0 0 1 0  3 1  2 s 0 0 0 0 0 0  4 2  3 s 06SnHoQu.301
1226.8425 0.0001 0.0001 0 0 0 0 1 0  3 1  2 s 0 0 0 0 0 0  3 2  1 s 06SnHoQu.302
1187.0644 0.0001 0.0001 0 0 0 0 1 0  3 1  2 s 0 0 0 0 0 0  4 2  2 a 06SnHoQu.303
1268.8653 0.0001 0.0001 0 0 0 0 1 0  3 1  2 s 0 0 0 0 0 0  2 0  2 a 06SnHoQu.304
1201.1255 0.0001 0.0001 0 0 0 0 1 0  3 1  3 s 0 0 0 0 0 0  4 0  4 s 06SnHoQu.305
1183.3816 0.0001 0.0001 0 0 0 0 1 0  3 1  3 s 0 0 0 0 0 0  4 2  3 a 06SnHoQu.306
1219.3970 0.0001 0.0001 0 0 0 0 1 0  3 1  3 s 0 0 0 0 0 0  3 2  2 s 06SnHoQu.307
1233.5094 0.0001 0.0001 0 0 0 0 1 0  3 1  3 s 0 0 0 0 0 0  3 0  3 a 06SnHoQu.308
1258.8942 0.0001 0.0001 0 0 0 0 1 0  3 1  3 s 0 0 0 0 0 0  2 0  2 s 06SnHoQu.309
1222.6078 0.0001 0.0001 0 0 0 0 1 0  3 2  1 s 0 0 0 0 0 0  3 3  1 a 06SnHoQu.310
1184.3105 0.0001 0.0001 0 0 0 0 1 0  3 2  1 s 0 0 0 0 0 0  4 3  1 a 06SnHoQu.311
1185.5262 0.0001 0.0001 0 0 0 0 1 0  3 2  1 s 0 0 0 0 0 0  4 3  2 s 06SnHoQu.312
1270.9846 0.0001 0.0001 0 0 0 0 1 0  3 2  1 s 0 0 0 0 0 0  2 1  1 a 06SnHoQu.313
1201.0626 0.0001 0.0001 0 0 0 0 1 0  3 2  2 s 0 0 0 0 0 0  4 1  3 s 06SnHoQu.314
1219.6462 0.0001 0.0001 0 0 0 0 1 0  3 2  2 s 0 0 0 0 0 0  3 3  1 s 06SnHoQu.315
1267.9940 0.0001 0.0001 0 0 0 0 1 0  3 2  2 s 0 0 0 0 0 0  2 1  1 s 06SnHoQu.316
1182.2208 0.0001 0.0001 0 0 0 0 1 0  3 2  2 s 0 0 0 0 0 0  4 3  2 a 06SnHoQu.317
1272.6360 0.0001 0.0001 0 0 0 0 1 0  3 2  2 s 0 0 0 0 0 0  2 1  2 a 06SnHoQu.318
1181.3022 0.0001 0.0001 0 0 0 0 1 0  3 2  2 s 0 0 0 0 0 0  4 3  1 s 06SnHoQu.319
1232.7989 0.0001 0.0001 0 0 0 0 1 0  5 1  4 s 0 0 0 0 0 0  5 2  4 a 06SnHoQu.320
1277.0143 0.0001 0.0001 0 0 0 0 1 0  5 1  4 s 0 0 0 0 0 0  4 2  3 s 06SnHoQu.321
1294.4281 0.0001 0.0001 0 0 0 0 1 0  5 1  4 s 0 0 0 0 0 0  4 0  4 a 06SnHoQu.322
1163.1427 0.0001 0.0001 0 0 0 0 1 0  5 1  4 s 0 0 0 0 0 0  6 2  4 a 06SnHoQu.323
1221.2847 0.0001 0.0001 0 0 0 0 1 0  5 1  4 s 0 0 0 0 0 0  5 2  3 s 06SnHoQu.324
1181.0270 0.0001 0.0001 0 0 0 0 1 0  5 1  4 s 0 0 0 0 0 0  6 2  5 s 06SnHoQu.325
1254.6694 0.0001 0.0001 0 0 0 0 1 0  5 1  4 s 0 0 0 0 0 0  5 0  5 s 06SnHoQu.326
1232.3526 0.0001 0.0001 0 0 0 0 1 0  5 1  5 s 0 0 0 0 0 0  5 0  5 a 06SnHoQu.327
1272.4557 0.0001 0.0001 0 0 0 0 1 0  5 1  5 s 0 0 0 0 0 0  4 0  4 s 06SnHoQu.328
1210.8159 0.0001 0.0001 0 0 0 0 1 0  5 1  5 s 0 0 0 0 0 0  5 2  4 s 06SnHoQu.329
1224.6698 0.0001 0.0001 0 0 0 0 1 0  5 2  3 s 0 0 0 0 0 0  5 3  2 s 06SnHoQu.330
1165.1255 0.0001 0.0001 0 0 0 0 1 0  5 2  3 s 0 0 0 0 0 0  6 3  3 a 06SnHoQu.331
1172.9132 0.0001 0.0001 0 0 0 0 1 0  5 2  3 s 0 0 0 0 0 0  6 3  4 s 06SnHoQu.332
1293.0617 0.0001 0.0001 0 0 0 0 1 0  5 2  3 s 0 0 0 0 0 0  4 1  3 a 06SnHoQu.333
1227.9687 0.0001 0.0001 0 0 0 0 1 0  5 2  3 s 0 0 0 0 0 0  5 3  3 a 06SnHoQu.334
1182.7594 0.0001 0.0001 0 0 0 0 1 0  5 2  4 s 0 0 0 0 0 0  6 1  5 s 06SnHoQu.335
1215.7043 0.0001 0.0001 0 0 0 0 1 0  5 2  4 s 0 0 0 0 0 0  5 3  3 s 06SnHoQu.336
1280.8120 0.0001 0.0001 0 0 0 0 1 0  5 2  4 s 0 0 0 0 0 0  4 1  3 s 06SnHoQu.337
1160.3536 0.0001 0.0001 0 0 0 0 1 0  5 2  4 s 0 0 0 0 0 0  6 3  4 a 06SnHoQu.338
1295.5932 0.0001 0.0001 0 0 0 0 1 0  5 2  4 s 0 0 0 0 0 0  4 1  4 a 06SnHoQu.339
1163.5386 0.0001 0.0001 0 0 0 0 1 0  5 3  2 s 0 0 0 0 0 0  6 4  3 s 06SnHoQu.340
1162.0413 0.0001 0.0001 0 0 0 0 1 0  5 3  2 s 0 0 0 0 0 0  6 4  2 a 06SnHoQu.341
1219.5371 0.0001 0.0001 0 0 0 0 1 0  5 3  2 s 0 0 0 0 0 0  5 4  1 s 06SnHoQu.342
1295.7170 0.0001 0.0001 0 0 0 0 1 0  5 3  2 s 0 0 0 0 0 0  4 2  2 a 06SnHoQu.343
1298.3160 0.0001 0.0001 0 0 0 0 1 0  5 3  3 s 0 0 0 0 0 0  4 2  3 a 06SnHoQu.344
1158.3157 0.0001 0.0001 0 0 0 0 1 0  5 3  3 s 0 0 0 0 0 0  6 4  2 s 06SnHoQu.345
1216.0016 0.0001 0.0001 0 0 0 0 1 0  5 3  3 s 0 0 0 0 0 0  5 4  2 s 06SnHoQu.346
1184.7567 0.0001 0.0001 0 0 0 0 1 0  5 3  3 s 0 0 0 0 0 0  6 2  4 s 06SnHoQu.347
1159.5464 0.0001 0.0001 0 0 0 0 1 0  5 3  3 s 0 0 0 0 0 0  6 4  3 a 06SnHoQu.348
1292.0164 0.0001 0.0001 0 0 0 0 1 0  5 3  3 s 0 0 0 0 0 0  4 2  2 s 06SnHoQu.349
1254.4192 0.0001 0.0001 0 0 0 0 1 0  5 3  3 s 0 0 0 0 0 0  5 2  4 s 06SnHoQu.350
1242.5890 0.0001 0.0001 0 0 0 0 1 0  5 3  3 s 0 0 0 0 0 0  5 2  3 a 06SnHoQu.351
1302.7483 0.0001 0.0001 0 0 0 0 1 0  5 4  1 s 0 0 0 0 0 0  4 3  1 a 06SnHoQu.352
1156.9181 0.0001 0.0001 0 0 0 0 1 0  5 4  1 s 0 0 0 0 0 0  6 5  2 s 06SnHoQu.353
1156.7068 0.0001 0.0001 0 0 0 0 1 0  5 4  1 s 0 0 0 0 0 0  6 5  1 a 06SnHoQu.354
1213.0959 0.0001 0.0001 0 0 0 0 1 0  5 4  1 s 0 0 0 0 0 0  5 5  0 s 06SnHoQu.355
1303.6242 0.0001 0.0001 0 0 0 0 1 0  5 4  2 s 0 0 0 0 0 0  4 3  2 a 06SnHoQu.356
1302.7062 0.0001 0.0001 0 0 0 0 1 0  5 4  2 s 0 0 0 0 0 0  4 3  1 s 06SnHoQu.357
1156.5743 0.0001 0.0001 0 0 0 0 1 0  5 4  2 s 0 0 0 0 0 0  6 5  2 a 06SnHoQu.358
1253.7620 0.0001 0.0001 0 0 0 0 1 0  5 4  2 s 0 0 0 0 0 0  5 3  2 a 06SnHoQu.359
1257.3573 0.0001 0.0001 0 0 0 0 1 0  5 4  2 s 0 0 0 0 0 0  5 3  3 s 06SnHoQu.360
1156.6683 0.0001 0.0001 0 0 0 0 1 0  5 4  2 s 0 0 0 0 0 0  6 5  1 s 06SnHoQu.361
1212.9102 0.0001 0.0001 0 0 0 0 1 0  5 4  2 s 0 0 0 0 0 0  5 5  1 s 06SnHoQu.362
1310.9513 0.0001 0.0001 0 0 0 0 1 0  5 5  0 s 0 0 0 0 0 0  4 4  0 a 06SnHoQu.363
1153.4680 0.0001 0.0001 0 0 0 0 1 0  5 5  0 s 0 0 0 0 0 0  6 6  0 a 06SnHoQu.364
1311.1390 0.0001 0.0001 0 0 0 0 1 0  5 5  0 s 0 0 0 0 0 0  4 4  1 s 06SnHoQu.365
1310.9812 0.0001 0.0001 0 0 0 0 1 0  5 5  1 s 0 0 0 0 0 0  4 4  1 a 06SnHoQu.366
1153.6033 0.0001 0.0001 0 0 0 0 1 0  5 5  1 s 0 0 0 0 0 0  6 6  0 s 06SnHoQu.367
1153.4680 0.0001 0.0001 0 0 0 0 1 0  5 5  1 s 0 0 0 0 0 0  6 6  1 a 06SnHoQu.368
1311.1036 0.0001 0.0001 0 0 0 0 1 0  5 5  1 s 0 0 0 0 0 0  4 4  0 s 06SnHoQu.369
1177.1138 0.0001 0.0001 0 0 0 0 1 0  6 0  6 s 0 0 0 0 0 0  7 1  7 s 06SnHoQu.370
1206.0720 0.0001 0.0001 0 0 0 0 1 0  6 0  6 s 0 0 0 0 0 0  6 1  5 s 06SnHoQu.371
1285.5010 0.0001 0.0001 0 0 0 0 1 0  6 1  5 s 0 0 0 0 0 0  5 2  4 s 06SnHoQu.372
1215.8390 0.0001 0.0001 0 0 0 0 1 0  6 1  5 s 0 0 0 0 0 0  6 2  4 s 06SnHoQu.373
1307.0395 0.0001 0.0001 0 0 0 0 1 0  6 1  5 s 0 0 0 0 0 0  5 0  5 a 06SnHoQu.374
1233.4110 0.0001 0.0001 0 0 0 0 1 0  6 1  5 s 0 0 0 0 0 0  6 2  5 a 06SnHoQu.375
1173.9912 0.0001 0.0001 0 0 0 0 1 0  6 1  5 s 0 0 0 0 0 0  7 2  6 s 06SnHoQu.376
1177.1324 0.0001 0.0001 0 0 0 0 1 0  6 1  6 s 0 0 0 0 0 0  7 0  7 s 06SnHoQu.377
1279.3089 0.0001 0.0001 0 0 0 0 1 0  6 1  6 s 0 0 0 0 0 0  5 0  5 s 06SnHoQu.378
1205.6643 0.0001 0.0001 0 0 0 0 1 0  6 1  6 s 0 0 0 0 0 0  6 2  5 s 06SnHoQu.379
1346.2689 0.0001 0.0001 0 0 0 0 1 0  7 7  1 s 0 0 0 0 0 0  6 6  0 s 06SnHoQu.380
1160.7740 0.0001 0.0001 0 0 0 0 1 0  8 0  8 s 0 0 0 0 0 0  9 1  9 s 06SnHoQu.381
1194.6385 0.0001 0.0001 0 0 0 0 1 0  8 0  8 s 0 0 0 0 0 0  8 1  7 s 06SnHoQu.382
1230.2977 0.0001 0.0001 0 0 0 0 1 0  8 0  8 s 0 0 0 0 0 0  8 1  8 a 06SnHoQu.383
1158.7702 0.0001 0.0001 0 0 0 0 1 0  8 1  7 s 0 0 0 0 0 0  9 2  8 s 06SnHoQu.384
1331.3024 0.0001 0.0001 0 0 0 0 1 0  8 1  7 s 0 0 0 0 0 0  7 0  7 a 06SnHoQu.385
1233.1730 0.0001 0.0001 0 0 0 0 1 0  8 1  7 s 0 0 0 0 0 0  8 2  7 a 06SnHoQu.386
1203.8562 0.0001 0.0001 0 0 0 0 1 0  8 1  7 s 0 0 0 0 0 0  8 2  6 s 06SnHoQu.387
1292.7370 0.0001 0.0001 0 0 0 0 1 0  8 1  8 s 0 0 0 0 0 0  7 0  7 s 06SnHoQu.388
1230.2977 0.0001 0.0001 0 0 0 0 1 0  8 1  8 s 0 0 0 0 0 0  8 0  8 a 06SnHoQu.389
1214.7877 0.0001 0.0001 0 0 0 0 1 0  8 2  6 s 0 0 0 0 0 0  8 3  5 s 06SnHoQu.390
1234.6260 0.0001 0.0001 0 0 0 0 1 0  8 2  6 s 0 0 0 0 0 0  8 3  6 a 06SnHoQu.391
1155.4917 0.0001 0.0001 0 0 0 0 1 0  8 2  6 s 0 0 0 0 0 0  9 3  7 s 06SnHoQu.392
1332.1631 0.0001 0.0001 0 0 0 0 1 0  8 2  6 s 0 0 0 0 0 0  7 1  6 a 06SnHoQu.393
1331.3527 0.0001 0.0001 0 0 0 0 1 0  8 2  7 s 0 0 0 0 0 0  7 1  7 a 06SnHoQu.394
1233.2717 0.0001 0.0001 0 0 0 0 1 0  8 2  7 s 0 0 0 0 0 0  8 1  7 a 06SnHoQu.395
1230.8132 0.0001 0.0001 0 0 0 0 1 0  8 3  5 s 0 0 0 0 0 0  8 4  5 a 06SnHoQu.396
1330.3683 0.0001 0.0001 0 0 0 0 1 0  8 3  5 s 0 0 0 0 0 0  7 2  5 a 06SnHoQu.397
1156.8129 0.0001 0.0001 0 0 0 0 1 0  8 3  6 s 0 0 0 0 0 0  9 2  7 s 06SnHoQu.398
1236.4698 0.0001 0.0001 0 0 0 0 1 0  8 3  6 s 0 0 0 0 0 0  8 2  6 a 06SnHoQu.399
1333.0336 0.0001 0.0001 0 0 0 0 1 0  8 3  6 s 0 0 0 0 0 0  7 2  6 a 06SnHoQu.400
1252.6495 0.0001 0.0001 0 0 0 0 1 0  8 4  4 s 0 0 0 0 0 0  8 3  5 s 06SnHoQu.401
1219.5924 0.0001 0.0001 0 0 0 0 1 0  8 4  4 s 0 0 0 0 0 0  8 5  3 s 06SnHoQu.402
1257.6502 0.0001 0.0001 0 0 0 0 1 0  8 5  3 s 0 0 0 0 0 0  8 4  4 s 06SnHoQu.403
1336.5707 0.0001 0.0001 0 0 0 0 1 0  8 5  3 s 0 0 0 0 0 0  7 4  3 a 06SnHoQu.404
1340.6435 0.0001 0.0001 0 0 0 0 1 0  8 5  3 s 0 0 0 0 0 0  7 4  4 s 06SnHoQu.405
1347.0633 0.0001 0.0001 0 0 0 0 1 0  8 6  2 s 0 0 0 0 0 0  7 5  3 s 06SnHoQu.406
1346.5212 0.0001 0.0001 0 0 0 0 1 0  8 6  2 s 0 0 0 0 0 0  7 5  2 a 06SnHoQu.407
1270.1120 0.0001 0.0001 0 0 0 0 1 0  9 6  2 s 0 0 0 0 0 0  8 5  3 s 06SnHoQu.408
1299.2769 0.0001 0.0001 0 0 0 0 1 0  9 0  9 s 0 0 0 0 0 0  8 1  8 s 06SnHoQu.409
1229.3897 0.0001 0.0001 0 0 0 0 1 0  9 0  9 s 0 0 0 0 0 0  9 1  9 a 06SnHoQu.410
1152.4389 0.0001 0.0001 0 0 0 0 1 0  9 1  9 s 0 0 0 0 0 0 10 0 10 s 06SnHoQu.411
1188.8314 0.0001 0.0001 0 0 0 0 1 0  9 1  9 s 0 0 0 0 0 0  9 2  8 s 06SnHoQu.412
1229.3897 0.0001 0.0001 0 0 0 0 1 0  9 1  9 s 0 0 0 0 0 0  9 0  9 a 06SnHoQu.413
1235.0952 0.0001 0.0001 0 0 0 0 1 0  9 2  7 s 0 0 0 0 0 0  9 3  7 a 06SnHoQu.414
1344.7099 0.0001 0.0001 0 0 0 0 1 0  9 2  7 s 0 0 0 0 0 0  8 1  7 a 06SnHoQu.415
1343.1421 0.0001 0.0001 0 0 0 0 1 0  9 2  8 s 0 0 0 0 0 0  8 1  8 a 06SnHoQu.416
1232.7295 0.0001 0.0001 0 0 0 0 1 0  9 2  8 s 0 0 0 0 0 0  9 1  8 a 06SnHoQu.417
1307.4845 0.0001 0.0001 0 0 0 0 1 0  9 2  8 s 0 0 0 0 0 0  8 1  7 s 06SnHoQu.418
1150.8855 0.0001 0.0001 0 0 0 0 1 0  9 2  8 s 0 0 0 0 0 0 10 1  9 s 06SnHoQu.419
1197.8507 0.0001 0.0001 0 0 0 0 1 0  9 2  8 s 0 0 0 0 0 0  9 3  7 s 06SnHoQu.420
1345.0477 0.0001 0.0001 0 0 0 0 1 0  9 3  7 s 0 0 0 0 0 0  8 2  7 a 06SnHoQu.421
1235.7829 0.0001 0.0001 0 0 0 0 1 0  9 3  7 s 0 0 0 0 0 0  9 2  7 a 06SnHoQu.422
1346.8506 0.0001 0.0001 0 0 0 0 1 0  9 4  6 s 0 0 0 0 0 0  8 3  6 a 06SnHoQu.423
1240.9591 0.0001 0.0001 0 0 0 0 1 0  9 4  6 s 0 0 0 0 0 0  9 3  6 a 06SnHoQu.424
1210.7009 0.0001 0.0001 0 0 0 0 1 0  9 4  6 s 0 0 0 0 0 0  9 5  5 s 06SnHoQu.425
1208.0757 0.0001 0.0001 0 0 0 0 1 0  9 6  4 s 0 0 0 0 0 0  9 7  3 s 06SnHoQu.426
1271.7441 0.0001 0.0001 0 0 0 0 1 0  9 6  4 s 0 0 0 0 0 0  9 5  5 s 06SnHoQu.427
1305.6858 0.0001 0.0001 0 0 0 0 1 0 10 0 10 s 0 0 0 0 0 0  9 1  9 s 06SnHoQu.428
1228.3649 0.0001 0.0001 0 0 0 0 1 0 10 0 10 s 0 0 0 0 0 0 10 1 10 a 06SnHoQu.429
1314.2399 0.0001 0.0001 0 0 0 0 1 0 10 1  9 s 0 0 0 0 0 0  9 2  8 s 06SnHoQu.430
1232.0835 0.0001 0.0001 0 0 0 0 1 0 10 1  9 s 0 0 0 0 0 0 10 2  9 a 06SnHoQu.431
1228.3649 0.0001 0.0001 0 0 0 0 1 0 10 1 10 s 0 0 0 0 0 0 10 0 10 a 06SnHoQu.432
1227.2262 0.0001 0.0001 0 0 0 0 1 0 11 0 11 s 0 0 0 0 0 0 11 1 11 a 06SnHoQu.433
1227.2262 0.0001 0.0001 0 0 0 0 1 0 11 1 11 s 0 0 0 0 0 0 11 0 11 a 06SnHoQu.434
1223.0931 0.0001 0.0001 0 0 0 0 1 0  0 0  0 a 0 0 0 0 0 0  1 1  0 s 06SnHoQu.435
1224.5287 0.0001 0.0001 0 0 0 0 1 0  0 0  0 a 0 0 0 0 0 0  1 1  1 a 06SnHoQu.436
1217.0236 0.0001 0.0001 0 0 0 0 1 0  1 0  1 a 0 0 0 0 0 0  2 1  2 a 06SnHoQu.437
1212.3818 0.0001 0.0001 0 0 0 0 1 0  1 0  1 a 0 0 0 0 0 0  2 1  1 s 06SnHoQu.438
1209.9379 0.0001 0.0001 0 0 0 0 1 0  1 1  0 a 0 0 0 0 0 0  2 2  1 a 06SnHoQu.439
1280.2003 0.0001 0.0001 0 0 0 0 1 0  3 3  1 a 0 0 0 0 0 0  2 2  1 s 06SnHoQu.440
1181.2293 0.0001 0.0001 0 0 0 0 1 0  3 3  1 a 0 0 0 0 0 0  4 4  0 a 06SnHoQu.441
1279.4073 0.0001 0.0001 0 0 0 0 1 0  3 3  1 a 0 0 0 0 0 0  2 2  0 a 06SnHoQu.442
1174.8256 0.0001 0.0001 0 0 0 0 1 0  4 0  4 a 0 0 0 0 0 0  5 1  4 s 06SnHoQu.443
1195.2001 0.0001 0.0001 0 0 0 0 1 0  4 0  4 a 0 0 0 0 0 0  5 1  5 a 06SnHoQu.444
1178.1626 0.0001 0.0001 0 0 0 0 1 0  4 1  3 a 0 0 0 0 0 0  5 2  3 s 06SnHoQu.445
1284.0306 0.0001 0.0001 0 0 0 0 1 0  4 1  3 a 0 0 0 0 0 0  3 0  3 s 06SnHoQu.446
1189.6763 0.0001 0.0001 0 0 0 0 1 0  4 1  3 a 0 0 0 0 0 0  5 2  4 a 06SnHoQu.447
1233.8933 0.0001 0.0001 0 0 0 0 1 0  4 1  3 a 0 0 0 0 0 0  4 2  3 s 06SnHoQu.448
1227.2755 0.0001 0.0001 0 0 0 0 1 0  4 1  3 a 0 0 0 0 0 0  4 2  2 a 06SnHoQu.449
1195.4034 0.0001 0.0001 0 0 0 0 1 0  4 1  4 a 0 0 0 0 0 0  5 0  5 a 06SnHoQu.450
1173.8665 0.0001 0.0001 0 0 0 0 1 0  4 1  4 a 0 0 0 0 0 0  5 2  4 s 06SnHoQu.451
1267.8894 0.0001 0.0001 0 0 0 0 1 0  4 1  4 a 0 0 0 0 0 0  3 0  3 a 06SnHoQu.452
1235.5064 0.0001 0.0001 0 0 0 0 1 0  4 1  4 a 0 0 0 0 0 0  4 0  4 s 06SnHoQu.453
1217.7629 0.0001 0.0001 0 0 0 0 1 0  4 1  4 a 0 0 0 0 0 0  4 2  3 a 06SnHoQu.454
1226.0617 0.0001 0.0001 0 0 0 0 1 0  4 2  2 a 0 0 0 0 0 0  4 3  1 a 06SnHoQu.455
1180.7144 0.0001 0.0001 0 0 0 0 1 0  4 2  2 a 0 0 0 0 0 0  5 3  3 a 06SnHoQu.456
1177.4158 0.0001 0.0001 0 0 0 0 1 0  4 2  2 a 0 0 0 0 0 0  5 3  2 s 06SnHoQu.457
1283.7297 0.0001 0.0001 0 0 0 0 1 0  4 2  2 a 0 0 0 0 0 0  3 1  2 s 06SnHoQu.458
1245.8072 0.0001 0.0001 0 0 0 0 1 0  4 2  2 a 0 0 0 0 0 0  4 1  3 a 06SnHoQu.459
1173.9412 0.0001 0.0001 0 0 0 0 1 0  4 2  3 a 0 0 0 0 0 0  5 3  3 s 06SnHoQu.460
1286.2546 0.0001 0.0001 0 0 0 0 1 0  4 2  3 a 0 0 0 0 0 0  3 1  3 s 06SnHoQu.461
1239.0488 0.0001 0.0001 0 0 0 0 1 0  4 2  3 a 0 0 0 0 0 0  4 1  3 s 06SnHoQu.462
1220.2073 0.0001 0.0001 0 0 0 0 1 0  4 2  3 a 0 0 0 0 0 0  4 3  2 a 06SnHoQu.463
1193.4667 0.0001 0.0001 0 0 0 0 1 0  4 2  3 a 0 0 0 0 0 0  5 1  4 a 06SnHoQu.464
1291.0110 0.0001 0.0001 0 0 0 0 1 0  4 3  1 a 0 0 0 0 0 0  3 2  2 a 06SnHoQu.465
1172.5172 0.0001 0.0001 0 0 0 0 1 0  4 3  1 a 0 0 0 0 0 0  5 4  1 s 06SnHoQu.466
1172.7123 0.0001 0.0001 0 0 0 0 1 0  4 3  1 a 0 0 0 0 0 0  5 4  2 a 06SnHoQu.467
1288.4750 0.0001 0.0001 0 0 0 0 1 0  4 3  1 a 0 0 0 0 0 0  3 2  1 s 06SnHoQu.468
1248.6969 0.0001 0.0001 0 0 0 0 1 0  4 3  1 a 0 0 0 0 0 0  4 2  2 a 06SnHoQu.469
1171.9905 0.0001 0.0001 0 0 0 0 1 0  4 3  2 a 0 0 0 0 0 0  5 4  2 s 06SnHoQu.470
1254.3051 0.0001 0.0001 0 0 0 0 1 0  4 3  2 a 0 0 0 0 0 0  4 2  3 a 06SnHoQu.471
1171.5375 0.0001 0.0001 0 0 0 0 1 0  4 3  2 a 0 0 0 0 0 0  5 4  1 a 06SnHoQu.472
1248.0050 0.0001 0.0001 0 0 0 0 1 0  4 3  2 a 0 0 0 0 0 0  4 2  2 s 06SnHoQu.473
1287.4635 0.0001 0.0001 0 0 0 0 1 0  4 3  2 a 0 0 0 0 0 0  3 2  1 a 06SnHoQu.474
1198.5759 0.0001 0.0001 0 0 0 0 1 0  4 3  2 a 0 0 0 0 0 0  5 2  3 a 06SnHoQu.475
1218.6659 0.0001 0.0001 0 0 0 0 1 0  4 3  2 a 0 0 0 0 0 0  4 4  1 a 06SnHoQu.476
1290.3203 0.0001 0.0001 0 0 0 0 1 0  4 3  2 a 0 0 0 0 0 0  3 2  2 s 06SnHoQu.477
1296.4390 0.0001 0.0001 0 0 0 0 1 0  4 4  0 a 0 0 0 0 0 0  3 3  0 s 06SnHoQu.478
1168.2851 0.0001 0.0001 0 0 0 0 1 0  4 4  0 a 0 0 0 0 0 0  5 5  1 a 06SnHoQu.479
1168.4245 0.0001 0.0001 0 0 0 0 1 0  4 4  0 a 0 0 0 0 0 0  5 5  0 s 06SnHoQu.480
1296.5454 0.0001 0.0001 0 0 0 0 1 0  4 4  1 a 0 0 0 0 0 0  3 3  1 s 06SnHoQu.481
1296.2201 0.0001 0.0001 0 0 0 0 1 0  4 4  1 a 0 0 0 0 0 0  3 3  0 a 06SnHoQu.482
1259.1201 0.0001 0.0001 0 0 0 0 1 0  4 4  1 a 0 0 0 0 0 0  4 3  2 a 06SnHoQu.483
1168.2546 0.0001 0.0001 0 0 0 0 1 0  4 4  1 a 0 0 0 0 0 0  5 5  0 a 06SnHoQu.484
1168.4062 0.0001 0.0001 0 0 0 0 1 0  4 4  1 a 0 0 0 0 0 0  5 5  1 s 06SnHoQu.485
1234.8811 0.0001 0.0001 0 0 0 0 1 0  5 0  5 a 0 0 0 0 0 0  5 1  5 s 06SnHoQu.486
1161.7052 0.0001 0.0001 0 0 0 0 1 0  5 0  5 a 0 0 0 0 0 0  6 1  5 s 06SnHoQu.487
1214.1723 0.0001 0.0001 0 0 0 0 1 0  5 0  5 a 0 0 0 0 0 0  5 1  4 a 06SnHoQu.488
1187.3763 0.0001 0.0001 0 0 0 0 1 0  5 0  5 a 0 0 0 0 0 0  6 1  6 a 06SnHoQu.489
1274.5377 0.0001 0.0001 0 0 0 0 1 0  5 0  5 a 0 0 0 0 0 0  4 1  4 a 06SnHoQu.490
1235.2244 0.0001 0.0001 0 0 0 0 1 0  5 1  4 a 0 0 0 0 0 0  5 2  4 s 06SnHoQu.491
1223.3922 0.0001 0.0001 0 0 0 0 1 0  5 1  4 a 0 0 0 0 0 0  5 2  3 a 06SnHoQu.492
1296.8635 0.0001 0.0001 0 0 0 0 1 0  5 1  4 a 0 0 0 0 0 0  4 0  4 s 06SnHoQu.493
1279.1220 0.0001 0.0001 0 0 0 0 1 0  5 1  4 a 0 0 0 0 0 0  4 2  3 a 06SnHoQu.494
1234.9721 0.0001 0.0001 0 0 0 0 1 0  5 1  5 a 0 0 0 0 0 0  5 0  5 s 06SnHoQu.495
1187.4355 0.0001 0.0001 0 0 0 0 1 0  5 1  5 a 0 0 0 0 0 0  6 0  6 a 06SnHoQu.496
1274.7326 0.0001 0.0001 0 0 0 0 1 0  5 1  5 a 0 0 0 0 0 0  4 0  4 a 06SnHoQu.497
1213.1024 0.0001 0.0001 0 0 0 0 1 0  5 1  5 a 0 0 0 0 0 0  5 2  4 a 06SnHoQu.498
1174.9611 0.0001 0.0001 0 0 0 0 1 0  5 2  3 a 0 0 0 0 0 0  6 3  4 a 06SnHoQu.499
1224.9002 0.0001 0.0001 0 0 0 0 1 0  6 3  3 a 0 0 0 0 0 0  6 4  3 s 06SnHoQu.500
1241.8231 0.0001 0.0001 0 0 0 0 1 0  6 3  4 a 0 0 0 0 0 0  6 2  4 s 06SnHoQu.501
1151.1304 0.0001 0.0001 0 0 0 0 1 0  6 3  4 a 0 0 0 0 0 0  7 4  4 s 06SnHoQu.502
1311.4856 0.0001 0.0001 0 0 0 0 1 0  6 3  4 a 0 0 0 0 0 0  5 2  4 s 06SnHoQu.503
1175.9999 0.0001 0.0001 0 0 0 0 1 0  6 3  4 a 0 0 0 0 0 0  7 2  5 a 06SnHoQu.504
1216.6130 0.0001 0.0001 0 0 0 0 1 0  6 3  4 a 0 0 0 0 0 0  6 4  3 a 06SnHoQu.505
1313.7281 0.0001 0.0001 0 0 0 0 1 0  6 4  2 a 0 0 0 0 0 0  5 3  2 s 06SnHoQu.506
1216.3341 0.0001 0.0001 0 0 0 0 1 0  6 4  2 a 0 0 0 0 0 0  6 5  1 a 06SnHoQu.507
1254.1829 0.0001 0.0001 0 0 0 0 1 0  6 4  2 a 0 0 0 0 0 0  6 3  3 a 06SnHoQu.508
1150.3019 0.0001 0.0001 0 0 0 0 1 0  6 4  2 a 0 0 0 0 0 0  7 5  2 s 06SnHoQu.509
1260.9786 0.0001 0.0001 0 0 0 0 1 0  6 4  3 a 0 0 0 0 0 0  6 3  4 a 06SnHoQu.510
1312.7338 0.0001 0.0001 0 0 0 0 1 0  6 4  3 a 0 0 0 0 0 0  5 3  2 a 06SnHoQu.511
1322.6476 0.0001 0.0001 0 0 0 0 1 0  6 5  1 a 0 0 0 0 0 0  5 4  2 a 06SnHoQu.512
1322.4532 0.0001 0.0001 0 0 0 0 1 0  6 5  1 a 0 0 0 0 0 0  5 4  1 s 06SnHoQu.513
1322.7412 0.0001 0.0001 0 0 0 0 1 0  6 5  2 a 0 0 0 0 0 0  5 4  2 s 06SnHoQu.514
1322.2870 0.0001 0.0001 0 0 0 0 1 0  6 5  2 a 0 0 0 0 0 0  5 4  1 a 06SnHoQu.515
1266.2860 0.0001 0.0001 0 0 0 0 1 0  6 5  2 a 0 0 0 0 0 0  6 4  3 a 06SnHoQu.516
1330.7261 0.0001 0.0001 0 0 0 0 1 0  6 6  1 a 0 0 0 0 0 0  5 5  1 s 06SnHoQu.517
1330.5774 0.0001 0.0001 0 0 0 0 1 0  6 6  1 a 0 0 0 0 0 0  5 5  0 a 06SnHoQu.518
1233.7189 0.0001 0.0001 0 0 0 0 1 0  7 0  7 a 0 0 0 0 0 0  7 1  7 s 06SnHoQu.519
1202.6574 0.0001 0.0001 0 0 0 0 1 0  7 0  7 a 0 0 0 0 0 0  7 1  6 a 06SnHoQu.520
1171.2804 0.0001 0.0001 0 0 0 0 1 0  7 0  7 a 0 0 0 0 0 0  8 1  8 a 06SnHoQu.521
1235.7239 0.0001 0.0001 0 0 0 0 1 0  7 1  6 a 0 0 0 0 0 0  7 2  6 s 06SnHoQu.522
1295.1436 0.0001 0.0001 0 0 0 0 1 0  7 1  6 a 0 0 0 0 0 0  6 2  5 a 06SnHoQu.523
1168.4643 0.0001 0.0001 0 0 0 0 1 0  7 1  6 a 0 0 0 0 0 0  8 2  7 a 06SnHoQu.524
1211.7493 0.0001 0.0001 0 0 0 0 1 0  7 1  6 a 0 0 0 0 0 0  7 2  5 a 06SnHoQu.525
1321.5808 0.0001 0.0001 0 0 0 0 1 0  7 1  6 a 0 0 0 0 0 0  6 0  6 s 06SnHoQu.526
1321.3022 0.0001 0.0001 0 0 0 0 1 0  7 2  5 a 0 0 0 0 0 0  6 1  5 s 06SnHoQu.527
1221.9483 0.0001 0.0001 0 0 0 0 1 0  7 2  5 a 0 0 0 0 0 0  7 3  4 a 06SnHoQu.528
1163.7470 0.0001 0.0001 0 0 0 0 1 0  7 2  5 a 0 0 0 0 0 0  8 3  6 a 06SnHoQu.529
1235.4642 0.0001 0.0001 0 0 0 0 1 0  7 2  5 a 0 0 0 0 0 0  7 3  5 s 06SnHoQu.530
1295.7170 0.0001 0.0001 0 0 0 0 1 0  7 2  6 a 0 0 0 0 0 0  6 1  5 a 06SnHoQu.531
1209.8948 0.0001 0.0001 0 0 0 0 1 0  7 2  6 a 0 0 0 0 0 0  7 3  5 a 06SnHoQu.532
1321.7243 0.0001 0.0001 0 0 0 0 1 0  7 2  6 a 0 0 0 0 0 0  6 1  6 s 06SnHoQu.533
1236.0207 0.0001 0.0001 0 0 0 0 1 0  7 2  6 a 0 0 0 0 0 0  7 1  6 s 06SnHoQu.534
1168.6640 0.0001 0.0001 0 0 0 0 1 0  7 2  6 a 0 0 0 0 0 0  8 1  7 a 06SnHoQu.535
1224.7847 0.0001 0.0001 0 0 0 0 1 0  7 3  4 a 0 0 0 0 0 0  7 4  3 a 06SnHoQu.536
1253.7275 0.0001 0.0001 0 0 0 0 1 0  7 3  4 a 0 0 0 0 0 0  7 2  5 a 06SnHoQu.537
1228.8572 0.0001 0.0001 0 0 0 0 1 0  7 3  4 a 0 0 0 0 0 0  7 4  4 s 06SnHoQu.538
1319.5515 0.0001 0.0001 0 0 0 0 1 0  7 3  4 a 0 0 0 0 0 0  6 2  4 s 06SnHoQu.539
1154.1711 0.0001 0.0001 0 0 0 0 1 0  7 3  4 a 0 0 0 0 0 0  8 4  5 a 06SnHoQu.540
1323.0867 0.0001 0.0001 0 0 0 0 1 0  7 3  5 a 0 0 0 0 0 0  6 2  5 s 06SnHoQu.541
1239.6823 0.0001 0.0001 0 0 0 0 1 0  7 3  5 a 0 0 0 0 0 0  7 2  5 s 06SnHoQu.542
1253.0708 0.0001 0.0001 0 0 0 0 1 0  7 4  3 a 0 0 0 0 0 0  7 3  4 a 06SnHoQu.543
1218.3831 0.0001 0.0001 0 0 0 0 1 0  7 4  3 a 0 0 0 0 0 0  7 5  2 a 06SnHoQu.544
1332.3507 0.0001 0.0001 0 0 0 0 1 0  7 5  2 a 0 0 0 0 0 0  6 4  3 a 06SnHoQu.545
1212.4911 0.0001 0.0001 0 0 0 0 1 0  7 5  2 a 0 0 0 0 0 0  7 6  1 a 06SnHoQu.546
1262.7976 0.0001 0.0001 0 0 0 0 1 0  7 5  2 a 0 0 0 0 0 0  7 4  3 a 06SnHoQu.547
1330.7863 0.0001 0.0001 0 0 0 0 1 0  7 5  3 a 0 0 0 0 0 0  6 4  2 a 06SnHoQu.548
1332.2829 0.0001 0.0001 0 0 0 0 1 0  7 5  3 a 0 0 0 0 0 0  6 4  3 s 06SnHoQu.549
1339.7142 0.0001 0.0001 0 0 0 0 1 0  7 6  2 a 0 0 0 0 0 0  6 5  1 a 06SnHoQu.550
1339.9250 0.0001 0.0001 0 0 0 0 1 0  7 6  2 a 0 0 0 0 0 0  6 5  2 s 06SnHoQu.551
1348.2349 0.0001 0.0001 0 0 0 0 1 0  7 7  0 a 0 0 0 0 0 0  6 6  1 a 06SnHoQu.552
1348.3706 0.0001 0.0001 0 0 0 0 1 0  7 7  0 a 0 0 0 0 0 0  6 6  0 s 06SnHoQu.553
1348.3706 0.0001 0.0001 0 0 0 0 1 0  7 7  1 a 0 0 0 0 0 0  6 6  1 s 06SnHoQu.554
1248.2690 0.0001 0.0001 0 0 0 0 1 0  3 2  2 s 0 0 0 0 0 0  3 1  3 s 06SnHoQu.555
1238.6551 0.0001 0.0001 0 0 0 0 1 0  3 2  2 s 0 0 0 0 0 0  3 1  2 a 06SnHoQu.556
1247.9262 0.0001 0.0001 0 0 0 0 1 0  3 3  0 s 0 0 0 0 0 0  3 2  1 s 06SnHoQu.557
1277.9053 0.0001 0.0001 0 0 0 0 1 0  3 3  0 s 0 0 0 0 0 0  2 2  1 s 06SnHoQu.558
1179.1224 0.0001 0.0001 0 0 0 0 1 0  3 3  0 s 0 0 0 0 0 0  4 4  1 s 06SnHoQu.559
1178.9346 0.0001 0.0001 0 0 0 0 1 0  3 3  0 s 0 0 0 0 0 0  4 4  0 a 06SnHoQu.560
1277.1124 0.0001 0.0001 0 0 0 0 1 0  3 3  0 s 0 0 0 0 0 0  2 2  0 a 06SnHoQu.561
1247.6321 0.0001 0.0001 0 0 0 0 1 0  3 3  1 s 0 0 0 0 0 0  3 2  1 a 06SnHoQu.562
1277.1401 0.0001 0.0001 0 0 0 0 1 0  3 3  1 s 0 0 0 0 0 0  2 2  0 s 06SnHoQu.563
1250.4890 0.0001 0.0001 0 0 0 0 1 0  3 3  1 s 0 0 0 0 0 0  3 2  2 s 06SnHoQu.564
1178.8346 0.0001 0.0001 0 0 0 0 1 0  3 3  1 s 0 0 0 0 0 0  4 4  1 a 06SnHoQu.565
1178.9574 0.0001 0.0001 0 0 0 0 1 0  3 3  1 s 0 0 0 0 0 0  4 4  0 s 06SnHoQu.566
1277.6125 0.0001 0.0001 0 0 0 0 1 0  3 3  1 s 0 0 0 0 0 0  2 2  1 a 06SnHoQu.567
1232.5683 0.0001 0.0001 0 0 0 0 1 0  4 0  4 s 0 0 0 0 0 0  4 1  4 a 06SnHoQu.568
1172.2016 0.0001 0.0001 0 0 0 0 1 0  4 0  4 s 0 0 0 0 0 0  5 1  4 a 06SnHoQu.569
1192.9114 0.0001 0.0001 0 0 0 0 1 0  4 0  4 s 0 0 0 0 0 0  5 1  5 s 06SnHoQu.570
1217.7873 0.0001 0.0001 0 0 0 0 1 0  4 0  4 s 0 0 0 0 0 0  4 1  3 s 06SnHoQu.571
1264.9929 0.0001 0.0001 0 0 0 0 1 0  4 0  4 s 0 0 0 0 0 0  3 1  3 s 06SnHoQu.572
1249.1305 0.0001 0.0001 0 0 0 0 1 0  4 1  3 s 0 0 0 0 0 0  4 0  4 s 06SnHoQu.573
1175.6607 0.0001 0.0001 0 0 0 0 1 0  4 1  3 s 0 0 0 0 0 0  5 2  3 a 06SnHoQu.574
1187.4914 0.0001 0.0001 0 0 0 0 1 0  4 1  3 s 0 0 0 0 0 0  5 2  4 s 06SnHoQu.575
1225.0877 0.0001 0.0001 0 0 0 0 1 0  4 1  3 s 0 0 0 0 0 0  4 2  2 s 06SnHoQu.576
1281.5154 0.0001 0.0001 0 0 0 0 1 0  4 1  3 s 0 0 0 0 0 0  3 0  3 a 06SnHoQu.577
1267.4016 0.0001 0.0001 0 0 0 0 1 0  4 1  3 s 0 0 0 0 0 0  3 2  2 s 06SnHoQu.578
1231.3876 0.0001 0.0001 0 0 0 0 1 0  4 1  3 s 0 0 0 0 0 0  4 2  3 a 06SnHoQu.579
1232.8889 0.0001 0.0001 0 0 0 0 1 0  4 1  4 s 0 0 0 0 0 0  4 0  4 a 06SnHoQu.580
1265.6135 0.0001 0.0001 0 0 0 0 1 0  4 1  4 s 0 0 0 0 0 0  3 0  3 s 06SnHoQu.581
1193.1292 0.0001 0.0001 0 0 0 0 1 0  4 1  4 s 0 0 0 0 0 0  5 0  5 s 06SnHoQu.582
1215.4756 0.0001 0.0001 0 0 0 0 1 0  4 1  4 s 0 0 0 0 0 0  4 2  3 s 06SnHoQu.583
1171.2602 0.0001 0.0001 0 0 0 0 1 0  4 1  4 s 0 0 0 0 0 0  5 2  4 a 06SnHoQu.584
1175.0518 0.0001 0.0001 0 0 0 0 1 0  4 2  2 s 0 0 0 0 0 0  5 3  2 a 06SnHoQu.585
1224.9139 0.0001 0.0001 0 0 0 0 1 0  4 2  2 s 0 0 0 0 0 0  4 3  2 a 06SnHoQu.586
1223.9960 0.0001 0.0001 0 0 0 0 1 0  4 2  2 s 0 0 0 0 0 0  4 3  1 s 06SnHoQu.587
1243.7552 0.0001 0.0001 0 0 0 0 1 0  4 2  2 s 0 0 0 0 0 0  4 1  3 s 06SnHoQu.588
1281.3488 0.0001 0.0001 0 0 0 0 1 0  4 2  2 s 0 0 0 0 0 0  3 1  2 a 06SnHoQu.589
1178.6476 0.0001 0.0001 0 0 0 0 1 0  4 2  2 s 0 0 0 0 0 0  5 3  3 s 06SnHoQu.590
1236.7064 0.0001 0.0001 0 0 0 0 1 0  4 2  3 s 0 0 0 0 0 0  4 1  3 a 06SnHoQu.591
1283.9060 0.0001 0.0001 0 0 0 0 1 0  4 2  3 s 0 0 0 0 0 0  3 1  3 a 06SnHoQu.592
1191.4466 0.0001 0.0001 0 0 0 0 1 0  4 2  3 s 0 0 0 0 0 0  5 1  4 s 06SnHoQu.593
1218.1765 0.0001 0.0001 0 0 0 0 1 0  4 2  3 s 0 0 0 0 0 0  4 3  2 s 06SnHoQu.594
1171.6138 0.0001 0.0001 0 0 0 0 1 0  4 2  3 s 0 0 0 0 0 0  5 3  3 a 06SnHoQu.595
1285.7997 0.0001 0.0001 0 0 0 0 1 0  4 3  1 s 0 0 0 0 0 0  3 2  1 a 06SnHoQu.596
1288.6563 0.0001 0.0001 0 0 0 0 1 0  4 3  1 s 0 0 0 0 0 0  3 2  2 s 06SnHoQu.597
1217.0016 0.0001 0.0001 0 0 0 0 1 0  4 3  1 s 0 0 0 0 0 0  4 4  1 a 06SnHoQu.598
1217.1236 0.0001 0.0001 0 0 0 0 1 0  4 3  1 s 0 0 0 0 0 0  4 4  0 s 06SnHoQu.599
1169.8728 0.0001 0.0001 0 0 0 0 1 0  4 3  1 s 0 0 0 0 0 0  5 4  1 a 06SnHoQu.600
1246.3415 0.0001 0.0001 0 0 0 0 1 0  4 3  1 s 0 0 0 0 0 0  4 2  2 s 06SnHoQu.601
1169.3777 0.0001 0.0001 0 0 0 0 1 0  4 3  2 s 0 0 0 0 0 0  5 4  2 a 06SnHoQu.602
1287.6754 0.0001 0.0001 0 0 0 0 1 0  4 3  2 s 0 0 0 0 0 0  3 2  2 a 06SnHoQu.603
1285.1398 0.0001 0.0001 0 0 0 0 1 0  4 3  2 s 0 0 0 0 0 0  3 2  1 s 06SnHoQu.604
1255.8569 0.0001 0.0001 0 0 0 0 1 0  4 4  0 s 0 0 0 0 0 0  4 3  1 s 06SnHoQu.605
1166.0611 0.0001 0.0001 0 0 0 0 1 0  4 4  0 s 0 0 0 0 0 0  5 5  1 s 06SnHoQu.606
1165.9093 0.0001 0.0001 0 0 0 0 1 0  4 4  0 s 0 0 0 0 0 0  5 5  0 a 06SnHoQu.607
1294.1999 0.0001 0.0001 0 0 0 0 1 0  4 4  0 s 0 0 0 0 0 0  3 3  1 s 06SnHoQu.608
1293.8749 0.0001 0.0001 0 0 0 0 1 0  4 4  0 s 0 0 0 0 0 0  3 3  0 a 06SnHoQu.609
1293.9831 0.0001 0.0001 0 0 0 0 1 0  4 4  1 s 0 0 0 0 0 0  3 3  1 a 06SnHoQu.610
1166.0326 0.0001 0.0001 0 0 0 0 1 0  4 4  1 s 0 0 0 0 0 0  5 5  0 s 06SnHoQu.611
1165.8932 0.0001 0.0001 0 0 0 0 1 0  4 4  1 s 0 0 0 0 0 0  5 5  1 a 06SnHoQu.612
1272.2544 0.0001 0.0001 0 0 0 0 1 0  5 0  5 s 0 0 0 0 0 0  4 1  4 s 06SnHoQu.613
1232.2564 0.0001 0.0001 0 0 0 0 1 0  5 0  5 s 0 0 0 0 0 0  5 1  5 a 06SnHoQu.614
1231.0124 0.0001 0.0001 0 0 0 0 1 0  6 2  4 s 0 0 0 0 0 0  6 3  4 a 06SnHoQu.615
1305.8849 0.0001 0.0001 0 0 0 0 1 0  6 2  4 s 0 0 0 0 0 0  5 1  4 a 06SnHoQu.616
1154.0636 0.0001 0.0001 0 0 0 0 1 0  6 2  4 s 0 0 0 0 0 0  7 3  4 a 06SnHoQu.617
1223.5186 0.0001 0.0001 0 0 0 0 1 0  6 2  4 s 0 0 0 0 0 0  6 3  3 s 06SnHoQu.618
1167.5791 0.0001 0.0001 0 0 0 0 1 0  6 2  4 s 0 0 0 0 0 0  7 3  5 s 06SnHoQu.619
1212.2386 0.0001 0.0001 0 0 0 0 1 0  6 2  5 s 0 0 0 0 0 0  6 3  4 s 06SnHoQu.620
1307.5024 0.0001 0.0001 0 0 0 0 1 0  6 2  5 s 0 0 0 0 0 0  5 1  5 a 06SnHoQu.621
1174.6387 0.0001 0.0001 0 0 0 0 1 0  6 2  5 s 0 0 0 0 0 0  7 1  6 s 06SnHoQu.622
1234.3365 0.0001 0.0001 0 0 0 0 1 0  6 2  5 s 0 0 0 0 0 0  6 1  5 a 06SnHoQu.623
1221.5879 0.0001 0.0001 0 0 0 0 1 0  6 3  3 s 0 0 0 0 0 0  6 4  2 s 06SnHoQu.624
1153.2641 0.0001 0.0001 0 0 0 0 1 0  6 3  3 s 0 0 0 0 0 0  7 4  3 a 06SnHoQu.625
1248.0293 0.0001 0.0001 0 0 0 0 1 0  6 3  3 s 0 0 0 0 0 0  6 2  4 s 06SnHoQu.626
1222.8200 0.0001 0.0001 0 0 0 0 1 0  6 3  3 s 0 0 0 0 0 0  6 4  3 a 06SnHoQu.627
1305.8614 0.0001 0.0001 0 0 0 0 1 0  6 3  3 s 0 0 0 0 0 0  5 2  3 a 06SnHoQu.628
1157.3366 0.0001 0.0001 0 0 0 0 1 0  6 3  3 s 0 0 0 0 0 0  7 4  4 s 06SnHoQu.629
1309.4931 0.0001 0.0001 0 0 0 0 1 0  6 3  4 s 0 0 0 0 0 0  5 2  4 a 06SnHoQu.630
1239.8377 0.0001 0.0001 0 0 0 0 1 0  6 3  4 s 0 0 0 0 0 0  6 2  4 a 06SnHoQu.631
1214.9139 0.0001 0.0001 0 0 0 0 1 0  6 3  4 s 0 0 0 0 0 0  6 4  3 s 06SnHoQu.632
1311.0112 0.0001 0.0001 0 0 0 0 1 0  6 4  2 s 0 0 0 0 0 0  5 3  2 a 06SnHoQu.633
1251.7630 0.0001 0.0001 0 0 0 0 1 0  6 4  2 s 0 0 0 0 0 0  6 3  3 s 06SnHoQu.634
1314.6068 0.0001 0.0001 0 0 0 0 1 0  6 4  2 s 0 0 0 0 0 0  5 3  3 s 06SnHoQu.635
1213.8233 0.0001 0.0001 0 0 0 0 1 0  6 4  2 s 0 0 0 0 0 0  6 5  2 a 06SnHoQu.636
1310.3700 0.0001 0.0001 0 0 0 0 1 0  6 4  3 s 0 0 0 0 0 0  5 3  2 s 06SnHoQu.637
1313.6691 0.0001 0.0001 0 0 0 0 1 0  6 4  3 s 0 0 0 0 0 0  5 3  3 a 06SnHoQu.638
1320.5107 0.0001 0.0001 0 0 0 0 1 0  6 5  1 s 0 0 0 0 0 0  5 4  2 s 06SnHoQu.639
1320.0570 0.0001 0.0001 0 0 0 0 1 0  6 5  1 s 0 0 0 0 0 0  5 4  1 a 06SnHoQu.640
1262.8253 0.0001 0.0001 0 0 0 0 1 0  6 5  1 s 0 0 0 0 0 0  6 4  2 s 06SnHoQu.641
1320.3507 0.0001 0.0001 0 0 0 0 1 0  6 5  2 s 0 0 0 0 0 0  5 4  2 a 06SnHoQu.642
1320.1555 0.0001 0.0001 0 0 0 0 1 0  6 5  2 s 0 0 0 0 0 0  5 4  1 s 06SnHoQu.643
1328.5230 0.0001 0.0001 0 0 0 0 1 0  6 6  0 s 0 0 0 0 0 0  5 5  1 s 06SnHoQu.644
1328.3727 0.0001 0.0001 0 0 0 0 1 0  6 6  0 s 0 0 0 0 0 0  5 5  0 a 06SnHoQu.645
1233.4533 0.0001 0.0001 0 0 0 0 1 0  7 1  6 s 0 0 0 0 0 0  7 2  6 a 06SnHoQu.646
1166.5110 0.0001 0.0001 0 0 0 0 1 0  7 1  6 s 0 0 0 0 0 0  8 2  7 s 06SnHoQu.647
1319.2941 0.0001 0.0001 0 0 0 0 1 0  7 1  6 s 0 0 0 0 0 0  6 0  6 a 06SnHoQu.648
1169.0045 0.0001 0.0001 0 0 0 0 1 0  7 1  7 s 0 0 0 0 0 0  8 0  8 s 06SnHoQu.649
1231.0910 0.0001 0.0001 0 0 0 0 1 0  7 1  7 s 0 0 0 0 0 0  7 0  7 a 06SnHoQu.650
1200.2231 0.0001 0.0001 0 0 0 0 1 0  7 1  7 s 0 0 0 0 0 0  7 2  6 s 06SnHoQu.651
1319.1611 0.0001 0.0001 0 0 0 0 1 0  7 2  5 s 0 0 0 0 0 0  6 1  5 a 06SnHoQu.652
1233.3372 0.0001 0.0001 0 0 0 0 1 0  7 2  5 s 0 0 0 0 0 0  7 3  5 a 06SnHoQu.653
1220.1120 0.0001 0.0001 0 0 0 0 1 0  7 2  5 s 0 0 0 0 0 0  7 3  4 s 06SnHoQu.654
1161.9121 0.0001 0.0001 0 0 0 0 1 0  7 2  5 s 0 0 0 0 0 0  8 3  6 s 06SnHoQu.655
1166.7299 0.0001 0.0001 0 0 0 0 1 0  7 2  6 s 0 0 0 0 0 0  8 1  7 s 06SnHoQu.656
1207.9469 0.0001 0.0001 0 0 0 0 1 0  7 2  6 s 0 0 0 0 0 0  7 3  5 s 06SnHoQu.657
1293.7865 0.0001 0.0001 0 0 0 0 1 0  7 2  6 s 0 0 0 0 0 0  6 1  5 s 06SnHoQu.658
1321.1225 0.0001 0.0001 0 0 0 0 1 0  7 3  5 s 0 0 0 0 0 0  6 2  5 a 06SnHoQu.659
1212.8577 0.0001 0.0001 0 0 0 0 1 0  7 3  5 s 0 0 0 0 0 0  7 4  4 s 06SnHoQu.660
1237.7279 0.0001 0.0001 0 0 0 0 1 0  7 3  5 s 0 0 0 0 0 0  7 2  5 a 06SnHoQu.661
1247.2806 0.0001 0.0001 0 0 0 0 1 0  7 4  4 s 0 0 0 0 0 0  7 3  4 a 06SnHoQu.662
1213.1344 0.0001 0.0001 0 0 0 0 1 0  7 4  4 s 0 0 0 0 0 0  7 5  3 s 06SnHoQu.663
1324.2283 0.0001 0.0001 0 0 0 0 1 0  7 4  4 s 0 0 0 0 0 0  6 3  4 a 06SnHoQu.664
1260.7960 0.0001 0.0001 0 0 0 0 1 0  7 4  4 s 0 0 0 0 0 0  7 3  5 s 06SnHoQu.665
1169.2411 0.0001 0.0001 0 0 0 0 1 0  7 4  4 s 0 0 0 0 0 0  8 3  5 s 06SnHoQu.666
1264.4346 0.0001 0.0001 0 0 0 0 1 0  7 5  3 s 0 0 0 0 0 0  7 4  4 s 06SnHoQu.667
1329.9173 0.0001 0.0001 0 0 0 0 1 0  7 5  3 s 0 0 0 0 0 0  6 4  3 a 06SnHoQu.668
1328.6863 0.0001 0.0001 0 0 0 0 1 0  7 5  3 s 0 0 0 0 0 0  6 4  2 s 06SnHoQu.669
1337.5449 0.0001 0.0001 0 0 0 0 1 0  7 6  1 s 0 0 0 0 0 0  6 5  1 a 06SnHoQu.670
1337.7578 0.0001 0.0001 0 0 0 0 1 0  7 6  1 s 0 0 0 0 0 0  6 5  2 s 06SnHoQu.671
1346.2689 0.0001 0.0001 0 0 0 0 1 0  7 7  0 s 0 0 0 0 0 0  6 6  1 s 06SnHoQu.672
1346.1333 0.0001 0.0001 0 0 0 0 1 0  7 7  0 s 0 0 0 0 0 0  6 6  0 a 06SnHoQu.673
1346.1333 0.0001 0.0001 0 0 0 0 1 0  7 7  1 s 0 0 0 0 0 0  6 6  1 a 06SnHoQu.674
1239.7003 0.0001 0.0001 0 0 0 0 1 0  1 1  0 a 0 0 0 0 0 0  1 0  1 a 06SnHoQu.675
1248.9686 0.0001 0.0001 0 0 0 0 1 0  1 1  0 a 0 0 0 0 0 0  0 0  0 s 06SnHoQu.676
1209.4659 0.0001 0.0001 0 0 0 0 1 0  1 1  0 a 0 0 0 0 0 0  2 2  0 s 06SnHoQu.677
1207.6759 0.0001 0.0001 0 0 0 0 1 0  1 1  1 a 0 0 0 0 0 0  2 2  0 a 06SnHoQu.678
1208.4670 0.0001 0.0001 0 0 0 0 1 0  1 1  1 a 0 0 0 0 0 0  2 2  1 s 06SnHoQu.679
1247.1661 0.0001 0.0001 0 0 0 0 1 0  1 1  1 a 0 0 0 0 0 0  0 0  0 a 06SnHoQu.680
1238.2403 0.0001 0.0001 0 0 0 0 1 0  1 1  1 a 0 0 0 0 0 0  1 0  1 s 06SnHoQu.681
1234.6874 0.0001 0.0001 0 0 0 0 1 0  2 0  2 a 0 0 0 0 0 0  2 1  2 s 06SnHoQu.682
1229.7088 0.0001 0.0001 0 0 0 0 1 0  2 0  2 a 0 0 0 0 0 0  2 1  1 a 06SnHoQu.683
1209.9805 0.0001 0.0001 0 0 0 0 1 0  2 0  2 a 0 0 0 0 0 0  3 1  3 a 06SnHoQu.684
1200.7031 0.0001 0.0001 0 0 0 0 1 0  2 0  2 a 0 0 0 0 0 0  3 1  2 s 06SnHoQu.685
1229.1688 0.0001 0.0001 0 0 0 0 1 0  2 1  1 a 0 0 0 0 0 0  2 2  0 a 06SnHoQu.686
1259.7343 0.0001 0.0001 0 0 0 0 1 0  2 1  1 a 0 0 0 0 0 0  1 0  1 s 06SnHoQu.687
1199.9820 0.0001 0.0001 0 0 0 0 1 0  2 1  1 a 0 0 0 0 0 0  3 2  1 s 06SnHoQu.688
1202.5191 0.0001 0.0001 0 0 0 0 1 0  2 1  1 a 0 0 0 0 0 0  3 2  2 a 06SnHoQu.689
1224.6317 0.0001 0.0001 0 0 0 0 1 0  2 1  2 a 0 0 0 0 0 0  2 2  1 a 06SnHoQu.690
1197.5083 0.0001 0.0001 0 0 0 0 1 0  2 1  2 a 0 0 0 0 0 0  3 2  2 s 06SnHoQu.691
1211.6215 0.0001 0.0001 0 0 0 0 1 0  2 1  2 a 0 0 0 0 0 0  3 0  3 a 06SnHoQu.692
1194.6522 0.0001 0.0001 0 0 0 0 1 0  2 1  2 a 0 0 0 0 0 0  3 2  1 a 06SnHoQu.693
1237.0047 0.0001 0.0001 0 0 0 0 1 0  2 1  2 a 0 0 0 0 0 0  2 0  2 s 06SnHoQu.694
1265.0132 0.0001 0.0001 0 0 0 0 1 0  2 2  0 a 0 0 0 0 0 0  1 1  1 a 06SnHoQu.695
1195.2392 0.0001 0.0001 0 0 0 0 1 0  2 2  0 a 0 0 0 0 0 0  3 3  1 a 06SnHoQu.696
1243.6151 0.0001 0.0001 0 0 0 0 1 0  2 2  0 a 0 0 0 0 0 0  2 1  1 a 06SnHoQu.697
1263.5771 0.0001 0.0001 0 0 0 0 1 0  2 2  0 a 0 0 0 0 0 0  1 1  0 s 06SnHoQu.698
1194.8377 0.0001 0.0001 0 0 0 0 1 0  2 2  1 a 0 0 0 0 0 0  3 3  1 s 06SnHoQu.699
1247.8268 0.0001 0.0001 0 0 0 0 1 0  2 2  1 a 0 0 0 0 0 0  2 1  2 a 06SnHoQu.700
1262.8133 0.0001 0.0001 0 0 0 0 1 0  2 2  1 a 0 0 0 0 0 0  1 1  0 a 06SnHoQu.701
1264.5854 0.0001 0.0001 0 0 0 0 1 0  2 2  1 a 0 0 0 0 0 0  1 1  1 s 06SnHoQu.702
1194.5126 0.0001 0.0001 0 0 0 0 1 0  2 2  1 a 0 0 0 0 0 0  3 3  0 a 06SnHoQu.703
1243.1862 0.0001 0.0001 0 0 0 0 1 0  2 2  1 a 0 0 0 0 0 0  2 1  1 s 06SnHoQu.704
1202.7708 0.0001 0.0001 0 0 0 0 1 0  3 0  3 a 0 0 0 0 0 0  4 1  4 a 06SnHoQu.705
1259.5636 0.0001 0.0001 0 0 0 0 1 0  3 0  3 a 0 0 0 0 0 0  2 1  2 a 06SnHoQu.706
1225.5836 0.0001 0.0001 0 0 0 0 1 0  3 0  3 a 0 0 0 0 0 0  3 1  2 a 06SnHoQu.707
1235.1968 0.0001 0.0001 0 0 0 0 1 0  3 0  3 a 0 0 0 0 0 0  3 1  3 s 06SnHoQu.708
1187.9903 0.0001 0.0001 0 0 0 0 1 0  3 0  3 a 0 0 0 0 0 0  4 1  3 s 06SnHoQu.709
1246.0479 0.0001 0.0001 0 0 0 0 1 0  3 1  2 a 0 0 0 0 0 0  3 0  3 a 06SnHoQu.710
1271.4313 0.0001 0.0001 0 0 0 0 1 0  3 1  2 a 0 0 0 0 0 0  2 0  2 s 06SnHoQu.711
1189.6200 0.0001 0.0001 0 0 0 0 1 0  3 1  2 a 0 0 0 0 0 0  4 2  2 s 06SnHoQu.712
1231.9353 0.0001 0.0001 0 0 0 0 1 0  3 1  2 a 0 0 0 0 0 0  3 2  2 s 06SnHoQu.713
1195.9205 0.0001 0.0001 0 0 0 0 1 0  3 1  2 a 0 0 0 0 0 0  4 2  3 a 06SnHoQu.714
1229.0784 0.0001 0.0001 0 0 0 0 1 0  3 1  2 a 0 0 0 0 0 0  3 2  1 a 06SnHoQu.715
1236.1253 0.0001 0.0001 0 0 0 0 1 0  3 1  3 a 0 0 0 0 0 0  3 0  3 s 06SnHoQu.716
1185.9873 0.0001 0.0001 0 0 0 0 1 0  3 1  3 a 0 0 0 0 0 0  4 2  3 s 06SnHoQu.717
1203.4000 0.0001 0.0001 0 0 0 0 1 0  3 1  3 a 0 0 0 0 0 0  4 0  4 a 06SnHoQu.718
1221.6832 0.0001 0.0001 0 0 0 0 1 0  3 1  3 a 0 0 0 0 0 0  3 2  2 a 06SnHoQu.719
1224.8115 0.0001 0.0001 0 0 0 0 1 0  3 2  1 a 0 0 0 0 0 0  3 3  1 s 06SnHoQu.720
1243.8224 0.0001 0.0001 0 0 0 0 1 0  3 2  1 a 0 0 0 0 0 0  3 1  2 a 06SnHoQu.721
1187.3872 0.0001 0.0001 0 0 0 0 1 0  3 2  1 a 0 0 0 0 0 0  4 3  2 a 06SnHoQu.722
1273.1606 0.0001 0.0001 0 0 0 0 1 0  3 2  1 a 0 0 0 0 0 0  2 1  1 s 06SnHoQu.723
1224.4873 0.0001 0.0001 0 0 0 0 1 0  3 2  1 a 0 0 0 0 0 0  3 3  0 a 06SnHoQu.724
1186.4693 0.0001 0.0001 0 0 0 0 1 0  3 2  1 a 0 0 0 0 0 0  4 3  1 s 06SnHoQu.725
1183.1346 0.0001 0.0001 0 0 0 0 1 0  3 2  2 a 0 0 0 0 0 0  4 3  1 a 06SnHoQu.726
1274.7876 0.0001 0.0001 0 0 0 0 1 0  3 2  2 a 0 0 0 0 0 0  2 1  2 s 06SnHoQu.727
1240.8037 0.0001 0.0001 0 0 0 0 1 0  3 2  2 a 0 0 0 0 0 0  3 1  2 s 06SnHoQu.728
1181.5230 0.0001 0.0001 0 0 0 0 1 0  3 3  0 a 0 0 0 0 0 0  4 4  0 s 06SnHoQu.729
1280.1787 0.0001 0.0001 0 0 0 0 1 0  3 3  0 a 0 0 0 0 0 0  2 2  1 a 06SnHoQu.730
1250.1990 0.0001 0.0001 0 0 0 0 1 0  3 3  0 a 0 0 0 0 0 0  3 2  1 a 06SnHoQu.731
1181.4024 0.0001 0.0001 0 0 0 0 1 0  3 3  0 a 0 0 0 0 0 0  4 4  1 a 06SnHoQu.732
1279.7063 0.0001 0.0001 0 0 0 0 1 0  3 3  0 a 0 0 0 0 0 0  2 2  0 s 06SnHoQu.733
1181.4170 0.0001 0.0001 0 0 0 0 1 0  3 3  1 a 0 0 0 0 0 0  4 4  1 s 06SnHoQu.734
1295.4200 0.0001 0.0001 0 0 0 0 1 0  5 2  3 a 0 0 0 0 0 0  4 1  3 s 06SnHoQu.735
1167.4678 0.0001 0.0001 0 0 0 0 1 0  5 2  3 a 0 0 0 0 0 0  6 3  3 s 06SnHoQu.736
1226.7156 0.0001 0.0001 0 0 0 0 1 0  5 2  3 a 0 0 0 0 0 0  5 3  2 a 06SnHoQu.737
1230.3114 0.0001 0.0001 0 0 0 0 1 0  5 2  3 a 0 0 0 0 0 0  5 3  3 s 06SnHoQu.738
1297.9333 0.0001 0.0001 0 0 0 0 1 0  5 2  4 a 0 0 0 0 0 0  4 1  4 s 06SnHoQu.739
1162.6712 0.0001 0.0001 0 0 0 0 1 0  5 2  4 a 0 0 0 0 0 0  6 3  4 s 06SnHoQu.740
1184.7686 0.0001 0.0001 0 0 0 0 1 0  5 2  4 a 0 0 0 0 0 0  6 1  5 a 06SnHoQu.741
1217.7264 0.0001 0.0001 0 0 0 0 1 0  5 2  4 a 0 0 0 0 0 0  5 3  3 a 06SnHoQu.742
1237.5591 0.0001 0.0001 0 0 0 0 1 0  5 2  4 a 0 0 0 0 0 0  5 1  4 s 06SnHoQu.743
1297.6752 0.0001 0.0001 0 0 0 0 1 0  5 3  2 a 0 0 0 0 0 0  4 2  2 s 06SnHoQu.744
1165.2047 0.0001 0.0001 0 0 0 0 1 0  5 3  2 a 0 0 0 0 0 0  6 4  3 a 06SnHoQu.745
1221.6601 0.0001 0.0001 0 0 0 0 1 0  5 3  2 a 0 0 0 0 0 0  5 4  2 s 06SnHoQu.746
1163.9741 0.0001 0.0001 0 0 0 0 1 0  5 3  2 a 0 0 0 0 0 0  6 4  2 s 06SnHoQu.747
1248.2474 0.0001 0.0001 0 0 0 0 1 0  5 3  2 a 0 0 0 0 0 0  5 2  3 a 06SnHoQu.748
1221.2066 0.0001 0.0001 0 0 0 0 1 0  5 3  2 a 0 0 0 0 0 0  5 4  1 a 06SnHoQu.749
1244.4684 0.0001 0.0001 0 0 0 0 1 0  5 3  3 a 0 0 0 0 0 0  5 2  3 s 06SnHoQu.750
1159.9040 0.0001 0.0001 0 0 0 0 1 0  5 3  3 a 0 0 0 0 0 0  6 4  2 a 06SnHoQu.751
1217.5951 0.0001 0.0001 0 0 0 0 1 0  5 3  3 a 0 0 0 0 0 0  5 4  2 a 06SnHoQu.752
1300.1984 0.0001 0.0001 0 0 0 0 1 0  5 3  3 a 0 0 0 0 0 0  4 2  3 s 06SnHoQu.753
1159.2176 0.0001 0.0001 0 0 0 0 1 0  5 4  1 a 0 0 0 0 0 0  6 5  1 s 06SnHoQu.754
1256.3111 0.0001 0.0001 0 0 0 0 1 0  5 4  1 a 0 0 0 0 0 0  5 3  2 a 06SnHoQu.755
1215.3075 0.0001 0.0001 0 0 0 0 1 0  5 4  1 a 0 0 0 0 0 0  5 5  0 a 06SnHoQu.756
1215.4592 0.0001 0.0001 0 0 0 0 1 0  5 4  1 a 0 0 0 0 0 0  5 5  1 s 06SnHoQu.757
1305.2553 0.0001 0.0001 0 0 0 0 1 0  5 4  1 a 0 0 0 0 0 0  4 3  1 s 06SnHoQu.758
1159.1236 0.0001 0.0001 0 0 0 0 1 0  5 4  1 a 0 0 0 0 0 0  6 5  2 a 06SnHoQu.759
1306.1732 0.0001 0.0001 0 0 0 0 1 0  5 4  1 a 0 0 0 0 0 0  4 3  2 a 06SnHoQu.760
1304.9007 0.0001 0.0001 0 0 0 0 1 0  5 4  2 a 0 0 0 0 0 0  4 3  1 a 06SnHoQu.761
1306.1166 0.0001 0.0001 0 0 0 0 1 0  5 4  2 a 0 0 0 0 0 0  4 3  2 s 06SnHoQu.762
1259.5563 0.0001 0.0001 0 0 0 0 1 0  5 4  2 a 0 0 0 0 0 0  5 3  3 a 06SnHoQu.763
1159.0707 0.0001 0.0001 0 0 0 0 1 0  5 4  2 a 0 0 0 0 0 0  6 5  2 s 06SnHoQu.764
1155.7628 0.0001 0.0001 0 0 0 0 1 0  5 5  0 a 0 0 0 0 0 0  6 6  1 a 06SnHoQu.765
1313.2780 0.0001 0.0001 0 0 0 0 1 0  5 5  0 a 0 0 0 0 0 0  4 4  1 a 06SnHoQu.766
1155.8980 0.0001 0.0001 0 0 0 0 1 0  5 5  0 a 0 0 0 0 0 0  6 6  0 s 06SnHoQu.767
1313.4001 0.0001 0.0001 0 0 0 0 1 0  5 5  0 a 0 0 0 0 0 0  4 4  0 s 06SnHoQu.768
1155.8980 0.0001 0.0001 0 0 0 0 1 0  5 5  1 a 0 0 0 0 0 0  6 6  1 s 06SnHoQu.769
1313.2420 0.0001 0.0001 0 0 0 0 1 0  5 5  1 a 0 0 0 0 0 0  4 4  0 a 06SnHoQu.770
1234.3696 0.0001 0.0001 0 0 0 0 1 0  6 0  6 a 0 0 0 0 0 0  6 1  6 s 06SnHoQu.771
1179.3875 0.0001 0.0001 0 0 0 0 1 0  6 0  6 a 0 0 0 0 0 0  7 1  7 a 06SnHoQu.772
1281.5261 0.0001 0.0001 0 0 0 0 1 0  6 0  6 a 0 0 0 0 0 0  5 1  5 a 06SnHoQu.773
1176.0131 0.0001 0.0001 0 0 0 0 1 0  6 1  5 a 0 0 0 0 0 0  7 2  6 a 06SnHoQu.774
1235.7511 0.0001 0.0001 0 0 0 0 1 0  6 1  5 a 0 0 0 0 0 0  6 2  5 s 06SnHoQu.775
1309.3920 0.0001 0.0001 0 0 0 0 1 0  6 1  5 a 0 0 0 0 0 0  5 0  5 s 06SnHoQu.776
1152.3471 0.0001 0.0001 0 0 0 0 1 0  6 1  5 a 0 0 0 0 0 0  7 2  5 s 06SnHoQu.777
1217.8659 0.0001 0.0001 0 0 0 0 1 0  6 1  5 a 0 0 0 0 0 0  6 2  4 a 06SnHoQu.778
1207.9570 0.0001 0.0001 0 0 0 0 1 0  6 1  6 a 0 0 0 0 0 0  6 2  5 a 06SnHoQu.779
1281.5856 0.0001 0.0001 0 0 0 0 1 0  6 1  6 a 0 0 0 0 0 0  5 0  5 a 06SnHoQu.780
1179.4057 0.0001 0.0001 0 0 0 0 1 0  6 1  6 a 0 0 0 0 0 0  7 0  7 a 06SnHoQu.781
1169.5449 0.0001 0.0001 0 0 0 0 1 0  6 2  4 a 0 0 0 0 0 0  7 3  5 a 06SnHoQu.782
1225.4829 0.0001 0.0001 0 0 0 0 1 0  6 2  4 a 0 0 0 0 0 0  6 3  3 a 06SnHoQu.783
1156.3208 0.0001 0.0001 0 0 0 0 1 0  6 2  4 a 0 0 0 0 0 0  7 3  4 s 06SnHoQu.784
1233.2717 0.0001 0.0001 0 0 0 0 1 0  6 2  4 a 0 0 0 0 0 0  6 3  4 s 06SnHoQu.785
1308.1599 0.0001 0.0001 0 0 0 0 1 0  6 2  4 a 0 0 0 0 0 0  5 1  4 s 06SnHoQu.786
1176.6152 0.0001 0.0001 0 0 0 0 1 0  6 2  5 a 0 0 0 0 0 0  7 1  6 a 06SnHoQu.787
1214.2279 0.0001 0.0001 0 0 0 0 1 0  6 2  5 a 0 0 0 0 0 0  6 3  4 a 06SnHoQu.788
1289.0982 0.0001 0.0001 0 0 0 0 1 0  6 2  5 a 0 0 0 0 0 0  5 1  4 a 06SnHoQu.789
1309.8096 0.0001 0.0001 0 0 0 0 1 0  6 2  5 a 0 0 0 0 0 0  5 1  5 s 06SnHoQu.790
1150.7945 0.0001 0.0001 0 0 0 0 1 0  6 2  5 a 0 0 0 0 0 0  7 3  5 s 06SnHoQu.791
1236.6333 0.0001 0.0001 0 0 0 0 1 0  6 2  5 a 0 0 0 0 0 0  6 1  5 s 06SnHoQu.792
1155.3469 0.0001 0.0001 0 0 0 0 1 0  6 3  3 a 0 0 0 0 0 0  7 4  3 s 06SnHoQu.793
1307.9668 0.0001 0.0001 0 0 0 0 1 0  6 3  3 a 0 0 0 0 0 0  5 2  3 s 06SnHoQu.794
1348.2349 0.0001 0.0001 0 0 0 0 1 0  7 7  1 a 0 0 0 0 0 0  6 6  0 a 06SnHoQu.795
1235.3872 0.0001 0.0001 0 0 0 0 1 0  8 1  7 a 0 0 0 0 0 0  8 2  7 s 06SnHoQu.796
1160.6612 0.0001 0.0001 0 0 0 0 1 0  8 1  7 a 0 0 0 0 0 0  9 2  8 a 06SnHoQu.797
1205.7642 0.0001 0.0001 0 0 0 0 1 0  8 1  7 a 0 0 0 0 0 0  8 2  6 a 06SnHoQu.798
1333.5323 0.0001 0.0001 0 0 0 0 1 0  8 1  7 a 0 0 0 0 0 0  7 0  7 s 06SnHoQu.799
1295.0320 0.0001 0.0001 0 0 0 0 1 0  8 1  8 a 0 0 0 0 0 0  7 0  7 a 06SnHoQu.800
1163.0593 0.0001 0.0001 0 0 0 0 1 0  8 1  8 a 0 0 0 0 0 0  9 0  9 a 06SnHoQu.801
1232.9463 0.0001 0.0001 0 0 0 0 1 0  8 1  8 a 0 0 0 0 0 0  8 0  8 s 06SnHoQu.802
1236.6080 0.0001 0.0001 0 0 0 0 1 0  8 2  6 a 0 0 0 0 0 0  8 3  6 s 06SnHoQu.803
1157.1874 0.0001 0.0001 0 0 0 0 1 0  8 2  6 a 0 0 0 0 0 0  9 3  7 a 06SnHoQu.804
1334.1591 0.0001 0.0001 0 0 0 0 1 0  8 2  6 a 0 0 0 0 0 0  7 1  6 s 06SnHoQu.805
1216.4849 0.0001 0.0001 0 0 0 0 1 0  8 2  6 a 0 0 0 0 0 0  8 3  5 a 06SnHoQu.806
1235.4787 0.0001 0.0001 0 0 0 0 1 0  8 2  7 a 0 0 0 0 0 0  8 1  7 s 06SnHoQu.807
1204.9802 0.0001 0.0001 0 0 0 0 1 0  8 2  7 a 0 0 0 0 0 0  8 3  6 a 06SnHoQu.808
1333.5774 0.0001 0.0001 0 0 0 0 1 0  8 2  7 a 0 0 0 0 0 0  7 1  7 s 06SnHoQu.809
1160.7251 0.0001 0.0001 0 0 0 0 1 0  8 2  7 a 0 0 0 0 0 0  9 1  8 a 06SnHoQu.810
1267.6758 0.0001 0.0001 0 0 0 0 1 0  8 3  6 a 0 0 0 0 0 0  8 2  7 a 06SnHoQu.811
1158.4141 0.0001 0.0001 0 0 0 0 1 0  8 3  6 a 0 0 0 0 0 0  9 2  7 a 06SnHoQu.812
1211.4078 0.0001 0.0001 0 0 0 0 1 0  8 3  6 a 0 0 0 0 0 0  8 4  5 a 06SnHoQu.813
1334.9385 0.0001 0.0001 0 0 0 0 1 0  8 3  6 a 0 0 0 0 0 0  7 2  6 s 06SnHoQu.814
1238.3622 0.0001 0.0001 0 0 0 0 1 0  8 3  6 a 0 0 0 0 0 0  8 2  6 s 06SnHoQu.815
1336.8740 0.0001 0.0001 0 0 0 0 1 0  8 4  5 a 0 0 0 0 0 0  7 3  5 s 06SnHoQu.816
1245.3195 0.0001 0.0001 0 0 0 0 1 0  8 4  5 a 0 0 0 0 0 0  8 3  5 s 06SnHoQu.817
1338.4843 0.0001 0.0001 0 0 0 0 1 0  8 5  4 a 0 0 0 0 0 0  7 4  3 a 06SnHoQu.818
1342.5566 0.0001 0.0001 0 0 0 0 1 0  8 5  4 a 0 0 0 0 0 0  7 4  4 s 06SnHoQu.819
1267.8708 0.0001 0.0001 0 0 0 0 1 0  8 5  4 a 0 0 0 0 0 0  8 4  5 a 06SnHoQu.820
1348.6228 0.0001 0.0001 0 0 0 0 1 0  8 6  3 a 0 0 0 0 0 0  7 5  2 a 06SnHoQu.821
1273.6474 0.0001 0.0001 0 0 0 0 1 0  8 6  3 a 0 0 0 0 0 0  8 5  4 a 06SnHoQu.822
1154.7370 0.0001 0.0001 0 0 0 0 1 0  9 0  9 a 0 0 0 0 0 0 10 1 10 a 06SnHoQu.823
1232.0581 0.0001 0.0001 0 0 0 0 1 0  9 0  9 a 0 0 0 0 0 0  9 1  9 s 06SnHoQu.824
1191.1685 0.0001 0.0001 0 0 0 0 1 0  9 0  9 a 0 0 0 0 0 0  9 1  8 a 06SnHoQu.825
1200.0006 0.0001 0.0001 0 0 0 0 1 0  9 1  8 a 0 0 0 0 0 0  9 2  7 a 06SnHoQu.826
1234.8629 0.0001 0.0001 0 0 0 0 1 0  9 1  8 a 0 0 0 0 0 0  9 2  8 s 06SnHoQu.827
1152.7057 0.0001 0.0001 0 0 0 0 1 0  9 1  8 a 0 0 0 0 0 0 10 2  9 a 06SnHoQu.828
1345.3119 0.0001 0.0001 0 0 0 0 1 0  9 1  8 a 0 0 0 0 0 0  8 0  8 s 06SnHoQu.829
1232.0581 0.0001 0.0001 0 0 0 0 1 0  9 1  9 a 0 0 0 0 0 0  9 0  9 s 06SnHoQu.830
1301.5810 0.0001 0.0001 0 0 0 0 1 0  9 1  9 a 0 0 0 0 0 0  8 0  8 a 06SnHoQu.831
1236.9484 0.0001 0.0001 0 0 0 0 1 0  9 2  7 a 0 0 0 0 0 0  9 3  7 s 06SnHoQu.832
1346.5807 0.0001 0.0001 0 0 0 0 1 0  9 2  7 a 0 0 0 0 0 0  8 1  7 s 06SnHoQu.833
1345.7493 0.0001 0.0001 0 0 0 0 1 0  9 3  6 a 0 0 0 0 0 0  8 2  6 s 06SnHoQu.834
1235.8632 0.0001 0.0001 0 0 0 0 1 0  9 3  6 a 0 0 0 0 0 0  9 4  6 s 06SnHoQu.835
1221.1320 0.0001 0.0001 0 0 0 0 1 0  9 3  6 a 0 0 0 0 0 0  9 4  5 a 06SnHoQu.836
1207.3865 0.0001 0.0001 0 0 0 0 1 0  9 3  7 a 0 0 0 0 0 0  9 4  6 a 06SnHoQu.837
1237.5965 0.0001 0.0001 0 0 0 0 1 0  9 3  7 a 0 0 0 0 0 0  9 2  7 s 06SnHoQu.838
1150.4439 0.0001 0.0001 0 0 0 0 1 0  9 3  7 a 0 0 0 0 0 0 10 2  8 a 06SnHoQu.839
1346.8774 0.0001 0.0001 0 0 0 0 1 0  9 3  7 a 0 0 0 0 0 0  8 2  7 s 06SnHoQu.840
1223.1930 0.0001 0.0001 0 0 0 0 1 0  9 4  5 a 0 0 0 0 0 0  9 5  4 a 06SnHoQu.841
1257.7825 0.0001 0.0001 0 0 0 0 1 0  9 4  5 a 0 0 0 0 0 0  9 3  6 a 06SnHoQu.842
1231.0594 0.0001 0.0001 0 0 0 0 1 0 10 0 10 a 0 0 0 0 0 0 10 1 10 s 06SnHoQu.843
1308.0103 0.0001 0.0001 0 0 0 0 1 0 10 1 10 a 0 0 0 0 0 0  9 0  9 a 06SnHoQu.844
1231.0594 0.0001 0.0001 0 0 0 0 1 0 10 1 10 a 0 0 0 0 0 0 10 0 10 s 06SnHoQu.845
1229.9524 0.0001 0.0001 0 0 0 0 1 0 11 0 11 a 0 0 0 0 0 0 11 1 11 s 06SnHoQu.846
1229.9524 0.0001 0.0001 0 0 0 0 1 0 11 1 11 a 0 0 0 0 0 0 11 0 11 s 06SnHoQu.847