733.62788 0.0002 0.0002 0 1 0 0 0 0  8  1  7 s 0 0 0 0 0 0  9  2  8 s   86CoVaHe.1
733.96819 0.0002 0.0002 0 1 0 0 0 0  9  1  8 a 0 0 0 0 0 0 10  2  9 a   86CoVaHe.2
734.03352 0.0002 0.0002 0 1 0 0 0 0  5  3  3 s 0 0 0 0 0 0  6  4  3 a   86CoVaHe.3
734.08488 0.0002 0.0002 0 1 0 0 0 0  6  1  5 a 0 0 0 0 0 0  7  2  5 s   86CoVaHe.4
735.15118 0.0002 0.0002 0 1 0 0 0 0  6  3  3 a 0 0 0 0 0 0  7  4  3 s   86CoVaHe.5
735.30129 0.0002 0.0002 0 1 0 0 0 0  5  1  5 s 0 0 0 0 0 0  6  2  5 a   86CoVaHe.6
735.60786 0.0002 0.0002 0 1 0 0 0 0  5  3  2 s 0 0 0 0 0 0  6  4  2 a   86CoVaHe.7
735.66862 0.0002 0.0002 0 1 0 0 0 0  5  0  5 s 0 0 0 0 0 0  6  1  5 a   86CoVaHe.8
735.83201 0.0002 0.0002 0 1 0 0 0 0  5  2  4 s 0 0 0 0 0 0  6  3  4 a   86CoVaHe.9
736.83683 0.0002 0.0002 0 1 0 0 0 0  6  2  4 a 0 0 0 0 0 0  7  3  4 s  86CoVaHe.10
737.62565 0.0002 0.0002 0 1 0 0 0 0  8  3  6 a 0 0 0 0 0 0  9  2  7 a  86CoVaHe.11
738.65605 0.0002 0.0002 0 1 0 0 0 0  5  1  4 s 0 0 0 0 0 0  6  2  4 a  86CoVaHe.12
738.66452 0.0002 0.0002 0 1 0 0 0 0  5  4  2 a 0 0 0 0 0 0  6  5  2 s  86CoVaHe.13
738.84463 0.0002 0.0002 0 1 0 0 0 0  9  0  9 a 0 0 0 0 0 0 10  1 10 a  86CoVaHe.16
738.84463 0.0002 0.0002 0 1 0 0 0 0  7  3  5 s 0 0 0 0 0 0  8  2  6 s  86CoVaHe.14
738.84463 0.0002 0.0002 0 1 0 0 0 0  9  1  9 a 0 0 0 0 0 0 10  0 10 a  86CoVaHe.15
738.85546 0.0002 0.0002 0 1 0 0 0 0  5  4  1 a 0 0 0 0 0 0  6  5  1 s  86CoVaHe.17
739.96044 0.0002 0.0002 0 1 0 0 0 0  4  4  0 s 0 0 0 0 0 0  5  5  1 s  86CoVaHe.18
740.23483 0.0002 0.0002 0 1 0 0 0 0  5  2  3 s 0 0 0 0 0 0  6  3  3 a  86CoVaHe.19
741.39909 0.0002 0.0002 0 1 0 0 0 0  5  3  3 a 0 0 0 0 0 0  6  4  2 a  86CoVaHe.20
741.77553 0.0002 0.0002 0 1 0 0 0 0  7  2  6 s 0 0 0 0 0 0  8  1  7 s  86CoVaHe.21
742.09320 0.0002 0.0002 0 1 0 0 0 0  8  2  7 a 0 0 0 0 0 0  9  1  8 a  86CoVaHe.22
742.89634 0.0002 0.0002 0 1 0 0 0 0  5  3  3 a 0 0 0 0 0 0  6  4  3 s  86CoVaHe.23
744.01212 0.0002 0.0002 0 1 0 0 0 0  4  3  2 s 0 0 0 0 0 0  5  4  1 s  86CoVaHe.24
744.20710 0.0002 0.0002 0 1 0 0 0 0  4  3  2 s 0 0 0 0 0 0  5  4  2 a  86CoVaHe.25
744.31770 0.0002 0.0002 0 1 0 0 0 0  5  2  4 a 0 0 0 0 0 0  6  3  4 s  86CoVaHe.26
744.58440 0.0002 0.0002 0 1 0 0 0 0  5  3  2 a 0 0 0 0 0 0  6  4  2 s  86CoVaHe.27
744.76716 0.0002 0.0002 0 1 0 0 0 0  4  3  1 s 0 0 0 0 0 0  5  4  1 a  86CoVaHe.28
744.78676 0.0002 0.0002 0 1 0 0 0 0  5  1  5 a 0 0 0 0 0 0  6  2  5 s  86CoVaHe.29
745.16976 0.0002 0.0002 0 1 0 0 0 0  5  0  5 a 0 0 0 0 0 0  6  1  5 s  86CoVaHe.30
745.28938 0.0002 0.0002 0 1 0 0 0 0 15  2 13 s 0 0 0 0 0 0 15  3 12 s  86CoVaHe.31
745.63414 0.0002 0.0002 0 1 0 0 0 0  7  1  7 s 0 0 0 0 0 0  8  0  8 s  86CoVaHe.32
745.81477 0.0002 0.0002 0 1 0 0 0 0  5  3  2 a 0 0 0 0 0 0  6  4  3 a  86CoVaHe.33
746.94918 0.0002 0.0002 0 1 0 0 0 0  8  1  8 a 0 0 0 0 0 0  9  0  9 a  86CoVaHe.34
747.32065 0.0002 0.0002 0 1 0 0 0 0  4  2  3 s 0 0 0 0 0 0  5  3  3 a  86CoVaHe.35
747.57930 0.0002 0.0002 0 1 0 0 0 0  5  1  4 a 0 0 0 0 0 0  5  2  4 s  86CoVaHe.36
747.84083 0.0002 0.0002 0 1 0 0 0 0  4  1  4 s 0 0 0 0 0 0  5  2  4 a  86CoVaHe.37
748.47245 0.0002 0.0002 0 1 0 0 0 0  4  4  1 a 0 0 0 0 0 0  5  5  1 s  86CoVaHe.38
748.49604 0.0002 0.0002 0 1 0 0 0 0  4  4  0 a 0 0 0 0 0 0  5  5  0 s  86CoVaHe.39
748.65196 0.0002 0.0002 0 1 0 0 0 0  5  2  3 a 0 0 0 0 0 0  6  3  3 s  86CoVaHe.40
749.25018 0.0002 0.0002 0 1 0 0 0 0  6  1  5 s 0 0 0 0 0 0  7  2  6 s  86CoVaHe.41
749.83681 0.0002 0.0002 0 1 0 0 0 0  4  2  2 s 0 0 0 0 0 0  5  3  2 a  86CoVaHe.42
749.99358 0.0002 0.0002 0 1 0 0 0 0  7  1  6 a 0 0 0 0 0 0  8  2  7 a  86CoVaHe.43
750.06180 0.0002 0.0002 0 1 0 0 0 0  6  2  4 a 0 0 0 0 0 0  7  3  5 a  86CoVaHe.44
750.16874 0.0002 0.0002 0 1 0 0 0 0  7  2  6 a 0 0 0 0 0 0  8  1  7 a  86CoVaHe.45
751.50097 0.0002 0.0002 0 1 0 0 0 0  4  1  3 s 0 0 0 0 0 0  5  2  3 a  86CoVaHe.46
752.66642 0.0002 0.0002 0 1 0 0 0 0  4  3  2 a 0 0 0 0 0 0  5  4  1 a  86CoVaHe.47
753.10307 0.0002 0.0002 0 1 0 0 0 0  4  2  3 a 0 0 0 0 0 0  5  3  2 a  86CoVaHe.48
753.12029 0.0002 0.0002 0 1 0 0 0 0  4  3  2 a 0 0 0 0 0 0  5  4  2 s  86CoVaHe.49
753.43281 0.0002 0.0002 0 1 0 0 0 0  4  2  2 s 0 0 0 0 0 0  5  3  3 s  86CoVaHe.50
753.70709 0.0002 0.0002 0 1 0 0 0 0  6  0  6 s 0 0 0 0 0 0  7  1  7 s  86CoVaHe.51
753.73092 0.0002 0.0002 0 1 0 0 0 0  4  3  1 a 0 0 0 0 0 0  5  4  1 s  86CoVaHe.52
753.92561 0.0002 0.0002 0 1 0 0 0 0  4  3  1 a 0 0 0 0 0 0  5  4  2 a  86CoVaHe.53
753.98627 0.0002 0.0002 0 1 0 0 0 0  3  3  1 s 0 0 0 0 0 0  4  4  1 a  86CoVaHe.54
754.09212 0.0002 0.0002 0 1 0 0 0 0  3  3  0 s 0 0 0 0 0 0  4  4  0 a  86CoVaHe.56
754.09212 0.0002 0.0002 0 1 0 0 0 0 11 10  2 s 0 0 0 0 0 0 12  9  3 s  86CoVaHe.55
754.10906 0.0002 0.0002 0 1 0 0 0 0  3  3  1 s 0 0 0 0 0 0  4  4  0 a  86CoVaHe.57
754.28006 0.0002 0.0002 0 1 0 0 0 0  3  3  0 s 0 0 0 0 0 0  4  4  1 s  86CoVaHe.58
756.14528 0.0002 0.0002 0 1 0 0 0 0  5  2  3 a 0 0 0 0 0 0  6  3  4 a  86CoVaHe.59
756.54081 0.0002 0.0002 0 1 0 0 0 0  5  1  4 s 0 0 0 0 0 0  6  2  5 s  86CoVaHe.60
756.69902 0.0002 0.0002 0 1 0 0 0 0  4  2  3 a 0 0 0 0 0 0  5  3  3 s  86CoVaHe.61
757.22090 0.0002 0.0002 0 1 0 0 0 0 12 11  1 s 0 0 0 0 0 0 12 12  1 a  86CoVaHe.62
757.22090 0.0002 0.0002 0 1 0 0 0 0  3  2  2 s 0 0 0 0 0 0  4  3  1 s  86CoVaHe.63
757.22957 0.0002 0.0002 0 1 0 0 0 0  4  1  4 a 0 0 0 0 0 0  5  2  4 s  86CoVaHe.64
757.75106 0.0002 0.0002 0 1 0 0 0 0  6  1  5 a 0 0 0 0 0 0  7  2  6 a  86CoVaHe.65
758.13911 0.0002 0.0002 0 1 0 0 0 0  3  2  2 s 0 0 0 0 0 0  4  3  2 a  86CoVaHe.66
758.23490 0.0002 0.0002 0 1 0 0 0 0  4  0  4 a 0 0 0 0 0 0  5  1  4 s  86CoVaHe.67
758.26725 0.0002 0.0002 0 1 0 0 0 0  6  2  5 a 0 0 0 0 0 0  7  1  6 a  86CoVaHe.68
759.23276 0.0002 0.0002 0 1 0 0 0 0  4  2  2 a 0 0 0 0 0 0  5  3  2 s  86CoVaHe.69
759.56384 0.0002 0.0002 0 1 0 0 0 0  3  2  1 s 0 0 0 0 0 0  4  3  1 a  86CoVaHe.70
759.98733 0.0002 0.0002 0 1 0 0 0 0  3  1  3 s 0 0 0 0 0 0  4  2  3 a  86CoVaHe.71
760.54015 0.0002 0.0002 0 1 0 0 0 0  4  1  3 a 0 0 0 0 0 0  5  2  3 s  86CoVaHe.72
760.77965 0.0002 0.0002 0 1 0 0 0 0  3  2  1 s 0 0 0 0 0 0  4  3  2 s  86CoVaHe.73
761.67522 0.0002 0.0002 0 1 0 0 0 0  5  0  5 s 0 0 0 0 0 0  6  1  6 s  86CoVaHe.74
761.73963 0.0002 0.0002 0 1 0 0 0 0  5  1  5 s 0 0 0 0 0 0  6  0  6 s  86CoVaHe.75
761.96696 0.0002 0.0002 0 1 0 0 0 0  3  0  3 s 0 0 0 0 0 0  4  1  3 a  86CoVaHe.76
762.25545 0.0002 0.0002 0 1 0 0 0 0  3  1  3 a 0 0 0 0 0 0  4  2  2 a  86CoVaHe.77
762.53179 0.0002 0.0002 0 1 0 0 0 0  4  2  2 a 0 0 0 0 0 0  5  3  3 a  86CoVaHe.78
762.81996 0.0002 0.0002 0 1 0 0 0 0  3  3  1 a 0 0 0 0 0 0  4  4  0 a  86CoVaHe.79
762.95588 0.0002 0.0002 0 1 0 0 0 0  6  0  6 a 0 0 0 0 0 0  7  1  7 a  86CoVaHe.80
762.96999 0.0002 0.0002 0 1 0 0 0 0  6  1  6 a 0 0 0 0 0 0  7  0  7 a  86CoVaHe.81
763.00770 0.0002 0.0002 0 1 0 0 0 0  3  3  1 a 0 0 0 0 0 0  4  4  1 s  86CoVaHe.82
763.12293 0.0002 0.0002 0 1 0 0 0 0  3  3  0 a 0 0 0 0 0 0  4  4  0 s  86CoVaHe.83
763.33167 0.0002 0.0002 0 1 0 0 0 0  4  1  3 s 0 0 0 0 0 0  5  2  4 s  86CoVaHe.84
763.68807 0.0002 0.0002 0 1 0 0 0 0  3  1  2 s 0 0 0 0 0 0  4  2  2 a  86CoVaHe.85
765.15108 0.0002 0.0002 0 1 0 0 0 0  5  1  4 a 0 0 0 0 0 0  6  2  5 a  86CoVaHe.86
766.12682 0.0002 0.0002 0 1 0 0 0 0  3  2  2 a 0 0 0 0 0 0  4  3  1 a  86CoVaHe.87
766.41611 0.0002 0.0002 0 1 0 0 0 0  5  2  4 a 0 0 0 0 0 0  6  1  5 a  86CoVaHe.88
767.34195 0.0002 0.0002 0 1 0 0 0 0  3  2  2 a 0 0 0 0 0 0  4  3  2 s  86CoVaHe.89
768.25479 0.0002 0.0002 0 1 0 0 0 0  2  2  1 s 0 0 0 0 0 0  3  3  1 a  86CoVaHe.90
768.31862 0.0002 0.0002 0 1 0 0 0 0  2  2  1 s 0 0 0 0 0 0  3  3  0 s  86CoVaHe.91
768.68795 0.0002 0.0002 0 1 0 0 0 0  2  2  0 s 0 0 0 0 0 0  3  3  0 a  86CoVaHe.92
768.81365 0.0002 0.0002 0 1 0 0 0 0  3  2  1 a 0 0 0 0 0 0  4  3  1 s  86CoVaHe.93
768.87492 0.0002 0.0002 0 1 0 0 0 0  3  1  3 a 0 0 0 0 0 0  4  2  3 s  86CoVaHe.94
769.01296 0.0002 0.0002 0 1 0 0 0 0  2  2  0 s 0 0 0 0 0 0  3  3  1 s  86CoVaHe.95
769.49595 0.0002 0.0002 0 1 0 0 0 0  4  0  4 s 0 0 0 0 0 0  5  1  5 s  86CoVaHe.96
769.71026 0.0002 0.0002 0 1 0 0 0 0  4  1  4 s 0 0 0 0 0 0  5  0  5 s  86CoVaHe.97
769.73187 0.0002 0.0002 0 1 0 0 0 0  3  2  1 a 0 0 0 0 0 0  4  3  2 a  86CoVaHe.98
770.84149 0.0002 0.0002 0 1 0 0 0 0  5  0  5 a 0 0 0 0 0 0  6  1  6 a  86CoVaHe.99
770.89107 0.0002 0.0002 0 1 0 0 0 0  5  1  5 a 0 0 0 0 0 0  6  0  6 a 86CoVaHe.100
771.40193 0.0002 0.0002 0 1 0 0 0 0  3  0  3 a 0 0 0 0 0 0  4  1  3 s 86CoVaHe.101
771.56170 0.0002 0.0002 0 1 0 0 0 0  2  1  2 s 0 0 0 0 0 0  3  2  2 a 86CoVaHe.102
772.05439 0.0002 0.0002 0 1 0 0 0 0  4  1  3 a 0 0 0 0 0 0  5  2  4 a 86CoVaHe.103
772.38668 0.0002 0.0002 0 1 0 0 0 0  3  1  2 a 0 0 0 0 0 0  4  2  2 s 86CoVaHe.104
772.54218 0.0002 0.0002 0 1 0 0 0 0  9  2  8 s 0 0 0 0 0 0  9  3  7 s 86CoVaHe.105
773.66745 0.0002 0.0002 0 1 0 0 0 0  2  1  1 s 0 0 0 0 0 0  3  2  1 a 86CoVaHe.106
774.72683 0.0002 0.0002 0 1 0 0 0 0  2  0  2 s 0 0 0 0 0 0  3  1  2 a 86CoVaHe.107
776.22113 0.0002 0.0002 0 1 0 0 0 0  4  2  3 a 0 0 0 0 0 0  5  1  4 a 86CoVaHe.108
776.52430 0.0002 0.0002 0 1 0 0 0 0  2  1  1 s 0 0 0 0 0 0  3  2  2 s 86CoVaHe.109
776.85111 0.0002 0.0002 0 1 0 0 0 0  7  1  7 s 0 0 0 0 0 0  7  2  6 s 86CoVaHe.110
777.08261 0.0002 0.0002 0 1 0 0 0 0  3  0  3 s 0 0 0 0 0 0  4  1  4 s 86CoVaHe.111
777.22061 0.0002 0.0002 0 1 0 0 0 0  2  2  1 a 0 0 0 0 0 0  3  3  0 a 86CoVaHe.112
777.54572 0.0002 0.0002 0 1 0 0 0 0  2  2  1 a 0 0 0 0 0 0  3  3  1 s 86CoVaHe.113
777.73097 0.0002 0.0002 0 1 0 0 0 0  3  1  3 s 0 0 0 0 0 0  4  0  4 s 86CoVaHe.114
777.94173 0.0002 0.0002 0 1 0 0 0 0  2  2  0 a 0 0 0 0 0 0  3  3  1 a 86CoVaHe.115
778.00565 0.0002 0.0002 0 1 0 0 0 0  2  2  0 a 0 0 0 0 0 0  3  3  0 s 86CoVaHe.116
778.22466 0.0002 0.0002 0 1 0 0 0 0  2  1  2 a 0 0 0 0 0 0  3  2  1 a 86CoVaHe.117
778.61029 0.0002 0.0002 0 1 0 0 0 0  4  0  4 a 0 0 0 0 0 0  5  1  5 a 86CoVaHe.118
778.68673 0.0002 0.0002 0 1 0 0 0 0  3  1  2 a 0 0 0 0 0 0  4  2  3 a 86CoVaHe.119
778.71348 0.0002 0.0002 0 1 0 0 0 0  8  1  7 s 0 0 0 0 0 0  8  2  6 s 86CoVaHe.120
778.75086 0.0002 0.0002 0 1 0 0 0 0  9  3  7 s 0 0 0 0 0 0  9  4  6 s 86CoVaHe.121
778.76693 0.0002 0.0002 0 1 0 0 0 0  4  1  4 a 0 0 0 0 0 0  5  0  5 a 86CoVaHe.122
780.76662 0.0002 0.0002 0 1 0 0 0 0  9  5  5 s 0 0 0 0 0 0  9  6  4 s 86CoVaHe.123
781.08165 0.0002 0.0002 0 1 0 0 0 0  2  1  2 a 0 0 0 0 0 0  3  2  2 s 86CoVaHe.124
781.95576 0.0002 0.0002 0 1 0 0 0 0  1  1  1 s 0 0 0 0 0 0  2  2  0 s 86CoVaHe.125
782.42824 0.0002 0.0002 0 1 0 0 0 0  1  1  1 s 0 0 0 0 0 0  2  2  1 a 86CoVaHe.126
782.66468 0.0002 0.0002 0 1 0 0 0 0  6  0  6 s 0 0 0 0 0 0  6  1  5 s 86CoVaHe.127
782.99273 0.0002 0.0002 0 1 0 0 0 0  7  2  6 s 0 0 0 0 0 0  7  3  5 s 86CoVaHe.128
783.08374 0.0002 0.0002 0 1 0 0 0 0  9  5  4 s 0 0 0 0 0 0  9  6  3 s 86CoVaHe.129
783.09794 0.0002 0.0002 0 1 0 0 0 0 14  7  7 a 0 0 0 0 0 0 14  8  7 a 86CoVaHe.130
783.09794 0.0002 0.0002 0 1 0 0 0 0  2  1  1 a 0 0 0 0 0 0  3  2  1 s 86CoVaHe.131
783.40224 0.0002 0.0002 0 1 0 0 0 0  1  1  0 s 0 0 0 0 0 0  2  2  0 a 86CoVaHe.132
784.19329 0.0002 0.0002 0 1 0 0 0 0  2  0  2 a 0 0 0 0 0 0  3  1  2 s 86CoVaHe.133
784.32307 0.0002 0.0002 0 1 0 0 0 0  8  4  5 s 0 0 0 0 0 0  8  5  4 s 86CoVaHe.134
784.33971 0.0002 0.0002 0 1 0 0 0 0  2  0  2 s 0 0 0 0 0 0  3  1  3 s 86CoVaHe.135
784.58482 0.0002 0.0002 0 1 0 0 0 0 10  6  4 a 0 0 0 0 0 0 10  7  4 s 86CoVaHe.136
784.83104 0.0002 0.0002 0 1 0 0 0 0  7  1  6 s 0 0 0 0 0 0  7  2  5 s 86CoVaHe.137
785.26309 0.0002 0.0002 0 1 0 0 0 0 10  3  7 s 0 0 0 0 0 0 10  4  6 s 86CoVaHe.138
785.63386 0.0002 0.0002 0 1 0 0 0 0  2  1  1 a 0 0 0 0 0 0  3  2  2 a 86CoVaHe.139
786.00513 0.0002 0.0002 0 1 0 0 0 0  2  1  2 s 0 0 0 0 0 0  3  0  3 s 86CoVaHe.140
786.14740 0.0002 0.0002 0 1 0 0 0 0  6  4  3 s 0 0 0 0 0 0  6  5  2 s 86CoVaHe.141
786.28717 0.0002 0.0002 0 1 0 0 0 0  3  1  3 a 0 0 0 0 0 0  4  0  4 a 86CoVaHe.142
786.34799 0.0002 0.0002 0 1 0 0 0 0  8  2  7 a 0 0 0 0 0 0  8  3  6 a 86CoVaHe.143
786.38141 0.0002 0.0002 0 1 0 0 0 0  5  4  2 s 0 0 0 0 0 0  5  5  1 s 86CoVaHe.144
786.48524 0.0002 0.0002 0 1 0 0 0 0  1  0  1 s 0 0 0 0 0 0  2  1  1 a 86CoVaHe.145
786.57670 0.0002 0.0002 0 1 0 0 0 0  7  3  5 s 0 0 0 0 0 0  7  4  4 s 86CoVaHe.146
787.39226 0.0002 0.0002 0 1 0 0 0 0  5  1  5 s 0 0 0 0 0 0  5  2  4 s 86CoVaHe.147
787.49179 0.0002 0.0002 0 1 0 0 0 0  6  2  5 s 0 0 0 0 0 0  6  3  4 s 86CoVaHe.148
788.09394 0.0002 0.0002 0 1 0 0 0 0  8  2  6 s 0 0 0 0 0 0  8  3  5 s 86CoVaHe.149
788.17858 0.0002 0.0002 0 1 0 0 0 0  7  4  3 s 0 0 0 0 0 0  7  5  2 s 86CoVaHe.150
788.45833 0.0002 0.0002 0 1 0 0 0 0  5  0  5 s 0 0 0 0 0 0  5  1  4 s 86CoVaHe.151
788.52329 0.0002 0.0002 0 1 0 0 0 0  8  4  4 s 0 0 0 0 0 0  8  5  3 s 86CoVaHe.152
789.03477 0.0002 0.0002 0 1 0 0 0 0  6  3  4 s 0 0 0 0 0 0  6  4  3 s 86CoVaHe.153
789.67832 0.0002 0.0002 0 1 0 0 0 0  7  5  2 a 0 0 0 0 0 0  7  6  2 s 86CoVaHe.154
790.16353 0.0002 0.0002 0 1 0 0 0 0  8  5  3 a 0 0 0 0 0 0  8  6  3 s 86CoVaHe.155
790.48866 0.0002 0.0002 0 1 0 0 0 0  5  3  3 s 0 0 0 0 0 0  5  4  2 s 86CoVaHe.156
791.09812 0.0002 0.0002 0 1 0 0 0 0  6  1  5 s 0 0 0 0 0 0  6  2  4 s 86CoVaHe.157
791.18246 0.0002 0.0002 0 1 0 0 0 0  5  2  4 s 0 0 0 0 0 0  5  3  3 a 86CoVaHe.158
791.46435 0.0002 0.0002 0 1 0 0 0 0  1  0  1 s 0 0 0 0 0 0  2  1  2 s 86CoVaHe.159
791.71482 0.0002 0.0002 0 1 0 0 0 0  9  5  4 a 0 0 0 0 0 0  9  6  4 s 86CoVaHe.160
792.01834 0.0002 0.0002 0 1 0 0 0 0  4  3  1 s 0 0 0 0 0 0  4  4  0 a 86CoVaHe.161
792.83657 0.0002 0.0002 0 1 0 0 0 0  1  1  0 a 0 0 0 0 0 0  2  2  0 s 86CoVaHe.162
793-30897 0.0002 0.0002 0 1 0 0 0 0  1  1  0 a 0 0 0 0 0 0  2  2  1 a 86CoVaHe.166
793.10348 0.0002 0.0002 0 1 0 0 0 0  5  3  2 s 0 0 0 0 0 0  5  4  1 s 86CoVaHe.163
793.27773 0.0002 0.0002 0 1 0 0 0 0  7  1  6 a 0 0 0 0 0 0  7  2  5 a 86CoVaHe.164
793.29837 0.0002 0.0002 0 1 0 0 0 0  5  3  2 s 0 0 0 0 0 0  5  4  2 a 86CoVaHe.165
793.47107 0.0002 0.0002 0 1 0 0 0 0  2  0  2 a 0 0 0 0 0 0  3  1  3 a 86CoVaHe.167
793.87527 0.0002 0.0002 0 1 0 0 0 0  6  3  3 s 0 0 0 0 0 0  6  4  2 s 86CoVaHe.168
794.37207 0.0002 0.0002 0 1 0 0 0 0  4  0  4 s 0 0 0 0 0 0  4  1  3 s 86CoVaHe.169
794.66007 0.0002 0.0002 0 1 0 0 0 0 10  5  5 a 0 0 0 0 0 0 10  6  5 s 86CoVaHe.170
794.69509 0.0002 0.0002 0 1 0 0 0 0  8  3  5 s 0 0 0 0 0 0  8  4  4 s 86CoVaHe.171
794.80108 0.0002 0.0002 0 1 0 0 0 0  1  1  1 s 0 0 0 0 0 0  2  0  2 s 86CoVaHe.172
795.09689 0.0002 0.0002 0 1 0 0 0 0  5  4  1 a 0 0 0 0 0 0  5  5  1 s 86CoVaHe.173
795.10609 0.0002 0.0002 0 1 0 0 0 0  6  3  3 s 0 0 0 0 0 0  6  4  3 a 86CoVaHe.174
795.19394 0.0002 0.0002 0 1 0 0 0 0  2  1  2 a 0 0 0 0 0 0  3  0  3 a 86CoVaHe.175
795.56390 0.0002 0.0002 0 1 0 0 0 0  9  3  6 a 0 0 0 0 0 0 10  2  9 a 86CoVaHe.176
795.56390 0.0002 0.0002 0 1 0 0 0 0  3  2  2 s 0 0 0 0 0 0  3  3  1 s 86CoVaHe.177
795.59643 0.0002 0.0002 0 1 0 0 0 0  6  4  2 a 0 0 0 0 0 0  6  5  2 s 86CoVaHe.178
795.87931 0.0002 0.0002 0 1 0 0 0 0  6  2  5 a 0 0 0 0 0 0  6  3  4 a 86CoVaHe.179
795.98672 0.0002 0.0002 0 1 0 0 0 0  1  0  1 a 0 0 0 0 0 0  2  1  1 s 86CoVaHe.180
796.00257 0.0002 0.0002 0 1 0 0 0 0  3  1  3 s 0 0 0 0 0 0  3  2  2 s 86CoVaHe.181
796.48372 0.0002 0.0002 0 1 0 0 0 0  9  4  5 s 0 0 0 0 0 0  9  5  5 a 86CoVaHe.182
796.79866 0.0002 0.0002 0 1 0 0 0 0  5  1  4 s 0 0 0 0 0 0  5  2  3 s 86CoVaHe.183
797.12584 0.0002 0.0002 0 1 0 0 0 0  7  4  3 a 0 0 0 0 0 0  7  5  3 s 86CoVaHe.184
797.83963 0.0002 0.0002 0 1 0 0 0 0  6  2  4 s 0 0 0 0 0 0  6  3  3 s 86CoVaHe.185
797.86131 0.0002 0.0002 0 1 0 0 0 0  3  2  1 s 0 0 0 0 0 0  3  3  1 a 86CoVaHe.186
798.18946 0.0002 0.0002 0 1 0 0 0 0  9  3  6 a 0 0 0 0 0 0  9  4  5 a 86CoVaHe.187
798.64317 0.0002 0.0002 0 1 0 0 0 0 11  5  6 a 0 0 0 0 0 0 11  6  6 s 86CoVaHe.188
798.78039 0.0002 0.0002 0 1 0 0 0 0  4  2  2 s 0 0 0 0 0 0  4  3  1 s 86CoVaHe.189
799.08929 0.0002 0.0002 0 1 0 0 0 0  5  3  3 a 0 0 0 0 0 0  5  4  2 a 86CoVaHe.190
799.60366 0.0002 0.0002 0 1 0 0 0 0  6  1  5 a 0 0 0 0 0 0  6  2  4 a 86CoVaHe.191
799.69867 0.0002 0.0002 0 1 0 0 0 0  4  2  2 s 0 0 0 0 0 0  4  3  2 a 86CoVaHe.192
799.77930 0.0002 0.0002 0 1 0 0 0 0  5  2  3 s 0 0 0 0 0 0  5  3  2 s 86CoVaHe.193
799.79493 0.0002 0.0002 0 1 0 0 0 0  4  3  2 a 0 0 0 0 0 0  4  4  1 a 86CoVaHe.194
799.88919 0.0002 0.0002 0 1 0 0 0 0  8  4  4 a 0 0 0 0 0 0  8  5  4 s 86CoVaHe.196
799.88919 0.0002 0.0002 0 1 0 0 0 0  3  0  3 s 0 0 0 0 0 0  3  1  2 s 86CoVaHe.195
799.97531 0.0002 0.0002 0 1 0 0 0 0  7  3  4 s 0 0 0 0 0 0  7  4  4 a 86CoVaHe.197
800.19314 0.0002 0.0002 0 1 0 0 0 0 10  4  6 s 0 0 0 0 0 0 10  5  6 a 86CoVaHe.198
800.31827 0.0002 0.0002 0 1 0 0 0 0 14  1 14 s 0 0 0 0 0 0 14  0 14 a 86CoVaHe.199
800.31827 0.0002 0.0002 0 1 0 0 0 0 14  0 14 s 0 0 0 0 0 0 14  1 14 a 86CoVaHe.200
800.62913 0.0002 0.0002 0 1 0 0 0 0  1  0  1 a 0 0 0 0 0 0  2  1  2 a 86CoVaHe.201
800.69716 0.0002 0.0002 0 1 0 0 0 0  4  3  1 a 0 0 0 0 0 0  4  4  0 a 86CoVaHe.202
800.88504 0.0002 0.0002 0 1 0 0 0 0  4  3  1 a 0 0 0 0 0 0  4  4  1 s 86CoVaHe.203
800.92859 0.0002 0.0002 0 1 0 0 0 0  4  1  3 s 0 0 0 0 0 0  4  2  2 s 86CoVaHe.204
801.22243 0.0002 0.0002 0 1 0 0 0 0 15  2 14 s 0 0 0 0 0 0 15  1 14 a 86CoVaHe.205
801.22243 0.0002 0.0002 0 1 0 0 0 0 15  1 14 s 0 0 0 0 0 0 15  2 14 a 86CoVaHe.206
801.70165 0.0002 0.0002 0 1 0 0 0 0 13  1 13 s 0 0 0 0 0 0 13  0 13 a 86CoVaHe.207
801.70165 0.0002 0.0002 0 1 0 0 0 0 13  0 13 s 0 0 0 0 0 0 13  1 13 a 86CoVaHe.208
801.81633 0.0002 0.0002 0 1 0 0 0 0  5  3  2 a 0 0 0 0 0 0  5  4  1 a 86CoVaHe.209
801.83284 0.0002 0.0002 0 1 0 0 0 0  7  2  5 a 0 0 0 0 0 0  7  3  4 a 86CoVaHe.210
802.15411 0.0002 0.0002 0 1 0 0 0 0  8  3  5 a 0 0 0 0 0 0  8  4  4 a 86CoVaHe.211
802.27015 0.0002 0.0002 0 1 0 0 0 0  5  3  2 a 0 0 0 0 0 0  5  4  2 s 86CoVaHe.212
802.50991 0.0002 0.0002 0 1 0 0 0 0 14  2 13 s 0 0 0 0 0 0 14  1 13 a 86CoVaHe.213
802.50991 0.0002 0.0002 0 1 0 0 0 0 14  1 13 s 0 0 0 0 0 0 14  2 13 a 86CoVaHe.214
802.96520 0.0002 0.0002 0 1 0 0 0 0  4  2  3 a 0 0 0 0 0 0  4  3  2 a 86CoVaHe.215
802.97347 0.0002 0.0002 0 1 0 0 0 0 12  1 12 s 0 0 0 0 0 0 12  0 12 a 86CoVaHe.216
802.97347 0.0002 0.0002 0 1 0 0 0 0 12  0 12 s 0 0 0 0 0 0 12  1 12 a 86CoVaHe.217
803.00207 0.0002 0.0002 0 1 0 0 0 0  8  3  5 s 0 0 0 0 0 0  8  4  5 a 86CoVaHe.218
803.07820 0.0002 0.0002 0 1 0 0 0 0  5  2  3 s 0 0 0 0 0 0  5  3  3 a 86CoVaHe.219
803.14062 0.0002 0.0002 0 1 0 0 0 0 15  3 13 s 0 0 0 0 0 0 15  2 13 a 86CoVaHe.220
803.17505 0.0002 0.0002 0 1 0 0 0 0  2  1  1 s 0 0 0 0 0 0  2  2  0 s 86CoVaHe.221
803.20702 0.0002 0.0002 0 1 0 0 0 0  6  3  3 a 0 0 0 0 0 0  6  4  2 a 86CoVaHe.222
803.39722 0.0002 0.0002 0 1 0 0 0 0 11  4  7 s 0 0 0 0 0 0 11  5  7 a 86CoVaHe.223
803.46000 0.0002 0.0002 0 1 0 0 0 0  9  4  5 a 0 0 0 0 0 0  9  5  5 s 86CoVaHe.224
803.64745 0.0002 0.0002 0 1 0 0 0 0  2  1  1 s 0 0 0 0 0 0  2  2  1 a 86CoVaHe.225
803.67600 0.0002 0.0002 0 1 0 0 0 0  7  3  4 a 0 0 0 0 0 0  7  4  3 a 86CoVaHe.226
803.69336 0.0002 0.0002 0 1 0 0 0 0 13  2 12 s 0 0 0 0 0 0 13  1 12 a 86CoVaHe.227
803.69336 0.0002 0.0002 0 1 0 0 0 0 13  1 12 s 0 0 0 0 0 0 13  2 12 a 86CoVaHe.228
804.06512 0.0002 0.0002 0 1 0 0 0 0  2  0  2 s 0 0 0 0 0 0  2  1  1 s 86CoVaHe.229
804.13533 0.0002 0.0002 0 1 0 0 0 0 11  1 11 s 0 0 0 0 0 0 11  0 11 a 86CoVaHe.230
804.13533 0.0002 0.0002 0 1 0 0 0 0 11  0 11 s 0 0 0 0 0 0 11  1 11 a 86CoVaHe.231
804.56924 0.0002 0.0002 0 1 0 0 0 0  3  1  3 a 0 0 0 0 0 0  3  2  2 a 86CoVaHe.232
804.65717 0.0002 0.0002 0 1 0 0 0 0 15  4 12 s 0 0 0 0 0 0 15  3 12 a 86CoVaHe.233
804.70424 0.0002 0.0002 0 1 0 0 0 0  6  3  3 a 0 0 0 0 0 0  6  4  3 s 86CoVaHe.234
804.77388 0.0002 0.0002 0 1 0 0 0 0 12  1 11 s 0 0 0 0 0 0 12  2 11 a 86CoVaHe.236
804.77388 0.0002 0.0002 0 1 0 0 0 0 12  2 11 s 0 0 0 0 0 0 12  1 11 a 86CoVaHe.235
805.18899 0.0002 0.0002 0 1 0 0 0 0 10  1 10 s 0 0 0 0 0 0 10  0 10 a 86CoVaHe.237
805.18899 0.0002 0.0002 0 1 0 0 0 0 10  0 10 s 0 0 0 0 0 0 10  1 10 a 86CoVaHe.238
805.26847 0.0002 0.0002 0 1 0 0 0 0 13  2 11 s 0 0 0 0 0 0 13  3 11 a 86CoVaHe.239
805.27658 0.0002 0.0002 0 1 0 0 0 0 13  3 11 s 0 0 0 0 0 0 13  2 11 a 86CoVaHe.240
805.33295 0.0002 0.0002 0 1 0 0 0 0  6  2  4 s 0 0 0 0 0 0  6  3  4 a 86CoVaHe.241
805.48595 0.0002 0.0002 0 1 0 0 0 0  9  3  6 s 0 0 0 0 0 0  9  4  6 a 86CoVaHe.242
805.58209 0.0002 0.0002 0 1 0 0 0 0 14  3 11 s 0 0 0 0 0 0 14  4 11 a 86CoVaHe.243
805.64121 0.0002 0.0002 0 1 0 0 0 0 14  4 11 s 0 0 0 0 0 0 14  3 11 a 86CoVaHe.244
805.75275 0.0002 0.0002 0 1 0 0 0 0 11  2 10 s 0 0 0 0 0 0 11  1 10 a 86CoVaHe.245
806.00141 0.0002 0.0002 0 1 0 0 0 0  3  1  2 s 0 0 0 0 0 0  3  2  2 a 86CoVaHe.246
806.13638 0.0002 0.0002 0 1 0 0 0 0  9  0  9 s 0 0 0 0 0 0  9  1  9 a 86CoVaHe.248
806.13638 0.0002 0.0002 0 1 0 0 0 0  9  1  9 s 0 0 0 0 0 0  9  0  9 a 86CoVaHe.247
806.17701 0.0002 0.0002 0 1 0 0 0 0 12  2 10 s 0 0 0 0 0 0 12  3 10 a 86CoVaHe.249
806.31255 0.0002 0.0002 0 1 0 0 0 0  5  1  4 s 0 0 0 0 0 0  5  2  4 a 86CoVaHe.281
806.39016 0.0002 0.0002 0 1 0 0 0 0 13  3 10 s 0 0 0 0 0 0 13  4 10 a 86CoVaHe.250
806.41157 0.0002 0.0002 0 1 0 0 0 0 13  5  8 a 0 0 0 0 0 0 13  6  8 s 86CoVaHe.251
806.44732 0.0002 0.0002 0 1 0 0 0 0  1  0  1 s 0 0 0 0 0 0  1  1  0 s 86CoVaHe.252
806.56215 0.0002 0.0002 0 1 0 0 0 0 13  4 10 s 0 0 0 0 0 0 13  3 10 a 86CoVaHe.253
806.62486 0.0002 0.0002 0 1 0 0 0 0 10  1  9 s 0 0 0 0 0 0 10  2  9 a 86CoVaHe.254
806.63390 0.0002 0.0002 0 1 0 0 0 0 10  2  9 s 0 0 0 0 0 0 10  1  9 a 86CoVaHe.255
806.83161 0.0002 0.0002 0 1 0 0 0 0  3  2  1 a 0 0 0 0 0 0  3  3  0 a 86CoVaHe.256
806.87227 0.0002 0.0002 0 1 0 0 0 0 10  3  7 s 0 0 0 0 0 0 10  4  7 a 86CoVaHe.257
806.96744 0.0002 0.0002 0 1 0 0 0 0 11  2  9 s 0 0 0 0 0 0 11  3  9 a 86CoVaHe.258
806.99709 0.0002 0.0002 0 1 0 0 0 0 12  3  9 s 0 0 0 0 0 0 12  4  9 a 86CoVaHe.259
807.04814 0.0002 0.0002 0 1 0 0 0 0 11  3  9 s 0 0 0 0 0 0 11  2  9 a 86CoVaHe.260
807.08120 0.0002 0.0002 0 1 0 0 0 0 10  4  6 a 0 0 0 0 0 0 10  5  6 s 86CoVaHe.261
807.10380 0.0002 0.0002 0 1 0 0 0 0  7  2  5 s 0 0 0 0 0 0  7  3  5 a 86CoVaHe.262
807.15669 0.0002 0.0002 0 1 0 0 0 0  3  2  1 a 0 0 0 0 0 0  3  3  1 s 86CoVaHe.263
807.22855 0.0002 0.0002 0 1 0 0 0 0  4  1  3 s 0 0 0 0 0 0  4  2  3 a 86CoVaHe.264
807.25372 0.0002 0.0002 0 1 0 0 0 0 11  3  8 s 0 0 0 0 0 0 11  4  8 a 86CoVaHe.265
807.39002 0.0002 0.0002 0 1 0 0 0 0  9  1  8 s 0 0 0 0 0 0  9  2  8 a 86CoVaHe.266
807.42076 0.0002 0.0002 0 1 0 0 0 0  9  2  8 s 0 0 0 0 0 0  9  1  8 a 86CoVaHe.267
807.47992 0.0002 0.0002 0 1 0 0 0 0 12  4  9 s 0 0 0 0 0 0 12  3  9 a 86CoVaHe.268
807.60381 0.0002 0.0002 0 1 0 0 0 0 10  2  8 s 0 0 0 0 0 0 10  3  8 a 86CoVaHe.269
807.71212 0.0002 0.0002 0 1 0 0 0 0  7  0  7 s 0 0 0 0 0 0  7  1  7 a 86CoVaHe.270
807.71940 0.0002 0.0002 0 1 0 0 0 0  7  1  7 s 0 0 0 0 0 0  7  0  7 a 86CoVaHe.271
807.74819 0.0002 0.0002 0 1 0 0 0 0  7  3  4 a 0 0 0 0 0 0  7  4  4 s 86CoVaHe.272
807.84674 0.0002 0.0002 0 1 0 0 0 0 10  3  8 s 0 0 0 0 0 0 10  2  8 a 86CoVaHe.273
807.88353 0.0002 0.0002 0 1 0 0 0 0  1  0  1 s 0 0 0 0 0 0  1  1  1 a 86CoVaHe.274
807.89998 0.0002 0.0002 0 1 0 0 0 0  5  2  3 a 0 0 0 0 0 0  5  3  2 a 86CoVaHe.275
807.93252 0.0002 0.0002 0 1 0 0 0 0  8  2  6 s 0 0 0 0 0 0  8  3  6 a 86CoVaHe.276
807.99339 0.0002 0.0002 0 1 0 0 0 0  9  2  7 s 0 0 0 0 0 0  9  3  7 a 86CoVaHe.277
808.03040 0.0002 0.0002 0 1 0 0 0 0  8  1  7 s 0 0 0 0 0 0  8  2  7 a 86CoVaHe.278
808.13101 0.0002 0.0002 0 1 0 0 0 0  8  2  7 s 0 0 0 0 0 0  8  1  7 a 86CoVaHe.279
808.20461 0.0002 0.0002 0 1 0 0 0 0  2  1  2 a 0 0 0 0 0 0  2  2  1 a 86CoVaHe.280
808.33635 0.0002 0.0002 0 1 0 0 0 0  6  0  6 s 0 0 0 0 0 0  6  1  6 a 86CoVaHe.282
808.36360 0.0002 0.0002 0 1 0 0 0 0  6  1  6 s 0 0 0 0 0 0  6  0  6 a 86CoVaHe.283
808.49760 0.0002 0.0002 0 1 0 0 0 0  7  1  6 s 0 0 0 0 0 0  7  2  6 a 86CoVaHe.284
808.53654 0.0002 0.0002 0 1 0 0 0 0 11  4  8 s 0 0 0 0 0 0 11  3  8 a 86CoVaHe.285
808.66943 0.0002 0.0002 0 1 0 0 0 0  6  1  5 s 0 0 0 0 0 0  6  2  5 a 86CoVaHe.286
808.68872 0.0002 0.0002 0 1 0 0 0 0  9  3  7 s 0 0 0 0 0 0  9  2  7 a 86CoVaHe.287
808.70758 0.0002 0.0002 0 1 0 0 0 0  2  0  2 s 0 0 0 0 0 0  2  1  2 a 86CoVaHe.288
808.81333 0.0002 0.0002 0 1 0 0 0 0  7  2  6 s 0 0 0 0 0 0  7  1  6 a 86CoVaHe.289
808.83395 0.0002 0.0002 0 1 0 0 0 0  5  0  5 s 0 0 0 0 0 0  5  1  5 a 86CoVaHe.290
808.92938 0.0002 0.0002 0 1 0 0 0 0  5  1  5 s 0 0 0 0 0 0  5  0  5 a 86CoVaHe.291
808.99448 0.0002 0.0002 0 1 0 0 0 0  3  0  3 a 0 0 0 0 0 0  3  1  2 a 86CoVaHe.292
809.09444 0.0002 0.0002 0 1 0 0 0 0  4  2  2 a 0 0 0 0 0 0  4  3  2 s 86CoVaHe.293
809.15263 0.0002 0.0002 0 1 0 0 0 0  4  0  4 s 0 0 0 0 0 0  4  1  4 a 86CoVaHe.294
809.16689 0.0002 0.0002 0 1 0 0 0 0  3  0  3 s 0 0 0 0 0 0  3  1  3 a 86CoVaHe.295
809.58974 0.0002 0.0002 0 1 0 0 0 0  6  2  5 s 0 0 0 0 0 0  6  1  5 a 86CoVaHe.296
809.65126 0.0002 0.0002 0 1 0 0 0 0  4  1  3 a 0 0 0 0 0 0  4  2  2 a 86CoVaHe.297
809.77563 0.0002 0.0002 0 1 0 0 0 0  8  3  6 s 0 0 0 0 0 0  8  2  6 a 86CoVaHe.298
809.94665 0.0002 0.0002 0 1 0 0 0 0 11  4  7 a 0 0 0 0 0 0 11  5  7 s 86CoVaHe.299
810.01867 0.0002 0.0002 0 1 0 0 0 0 10  4  7 s 0 0 0 0 0 0 10  3  7 a 86CoVaHe.300
810.11459 0.0002 0.0002 0 1 0 0 0 0  3  1  3 s 0 0 0 0 0 0  3  0  3 a 86CoVaHe.301
810.49075 0.0002 0.0002 0 1 0 0 0 0 15  2 14 a 0 0 0 0 0 0 15  1 14 s 86CoVaHe.302
810.49075 0.0002 0.0002 0 1 0 0 0 0 15  1 14 a 0 0 0 0 0 0 15  2 14 s 86CoVaHe.303
810.58154 0.0002 0.0002 0 1 0 0 0 0 15  0 15 a 0 0 0 0 0 0 15  1 15 s 86CoVaHe.304
810.58154 0.0002 0.0002 0 1 0 0 0 0 15  1 15 a 0 0 0 0 0 0 15  0 15 s 86CoVaHe.305
810.70478 0.0002 0.0002 0 1 0 0 0 0  5  2  4 s 0 0 0 0 0 0  5  1  4 a 86CoVaHe.306
810.72436 0.0002 0.0002 0 1 0 0 0 0  8  3  5 a 0 0 0 0 0 0  8  4  5 s 86CoVaHe.307
811.04776 0.0002 0.0002 0 1 0 0 0 0  2  1  2 s 0 0 0 0 0 0  2  0  2 a 86CoVaHe.308
811.44616 0.0002 0.0002 0 1 0 0 0 0  7  3  5 s 0 0 0 0 0 0  7  2  5 a 86CoVaHe.309
811.49582 0.0002 0.0002 0 1 0 0 0 0  5  2  3 a 0 0 0 0 0 0  5  3  3 s 86CoVaHe.310
811.54121 0.0002 0.0002 0 1 0 0 0 0 12  4  8 a 0 0 0 0 0 0 12  5  8 s 86CoVaHe.311
811.62820 0.0002 0.0002 0 1 0 0 0 0 14  2 13 a 0 0 0 0 0 0 14  1 13 s 86CoVaHe.312
811.62820 0.0002 0.0002 0 1 0 0 0 0 14  1 13 a 0 0 0 0 0 0 14  2 13 s 86CoVaHe.313
811.69750 0.0002 0.0002 0 1 0 0 0 0 14  1 14 a 0 0 0 0 0 0 14  0 14 s 86CoVaHe.314
811.69750 0.0002 0.0002 0 1 0 0 0 0 14  0 14 a 0 0 0 0 0 0 14  1 14 s 86CoVaHe.315
811.69750 0.0002 0.0002 0 1 0 0 0 0 14  3 12 a 0 0 0 0 0 0 14  2 12 s 86CoVaHe.316
811.84444 0.0002 0.0002 0 1 0 0 0 0  3  1  2 a 0 0 0 0 0 0  3  2  1 a 86CoVaHe.317
811.94314 0.0002 0.0002 0 1 0 0 0 0 13  4  9 a 0 0 0 0 0 0 13  5  9 s 86CoVaHe.318
812.18988 0.0002 0.0002 0 1 0 0 0 0  1  1  1 s 0 0 0 0 0 0  1  0  1 a 86CoVaHe.319
812.28451 0.0002 0.0002 0 1 0 0 0 0  2  1  1 a 0 0 0 0 0 0  2  2  0 a 86CoVaHe.320
812.33295 0.0002 0.0002 0 1 0 0 0 0  9  4  6 s 0 0 0 0 0 0  9  3  6 a 86CoVaHe.321
812.41246 0.0002 0.0002 0 1 0 0 0 0  4  2  3 s 0 0 0 0 0 0  4  1  3 a 86CoVaHe.322
812.68693 0.0002 0.0002 0 1 0 0 0 0 13  2 12 a 0 0 0 0 0 0 13  1 12 s 86CoVaHe.323
812.68693 0.0002 0.0002 0 1 0 0 0 0 13  1 12 a 0 0 0 0 0 0 13  2 12 s 86CoVaHe.324
812.74019 0.0002 0.0002 0 1 0 0 0 0 13  1 13 a 0 0 0 0 0 0 13  0 13 s 86CoVaHe.325
812.74019 0.0002 0.0002 0 1 0 0 0 0 13  0 13 a 0 0 0 0 0 0 13  1 13 s 86CoVaHe.326
812.74019 0.0002 0.0002 0 1 0 0 0 0 13  2 11 a 0 0 0 0 0 0 13  3 11 s 86CoVaHe.327
812.76570 0.0002 0.0002 0 1 0 0 0 0 13  3 10 a 0 0 0 0 0 0 13  4 10 s 86CoVaHe.328
812.92042 0.0002 0.0002 0 1 0 0 0 0  9  3  6 a 0 0 0 0 0 0  9  4  6 s 86CoVaHe.329
813-36996 0.0002 0.0002 0 1 0 0 0 0 11  5  7 s 0 0 0 0 0 0 11  4  7 a 86CoVaHe.332
813.07787 0.0002 0.0002 0 1 0 0 0 0  2  1  1 a 0 0 0 0 0 0  2  2  1 s 86CoVaHe.330
813.19877 0.0002 0.0002 0 1 0 0 0 0  2  0  2 a 0 0 0 0 0 0  2  1  1 a 86CoVaHe.331
813.56125 0.0002 0.0002 0 1 0 0 0 0 12  3  9 a 0 0 0 0 0 0 12  4  9 s 86CoVaHe.333
813.66689 0.0002 0.0002 0 1 0 0 0 0 12  1 11 a 0 0 0 0 0 0 12  2 11 s 86CoVaHe.335
813.66689 0.0002 0.0002 0 1 0 0 0 0 12  2 11 a 0 0 0 0 0 0 12  1 11 s 86CoVaHe.334
813.69935 0.0002 0.0002 0 1 0 0 0 0 12  2 10 a 0 0 0 0 0 0 12  3 10 s 86CoVaHe.336
813.70849 0.0002 0.0002 0 1 0 0 0 0 12  1 12 a 0 0 0 0 0 0 12  0 12 s 86CoVaHe.337
813.70849 0.0002 0.0002 0 1 0 0 0 0 12  0 12 a 0 0 0 0 0 0 12  1 12 s 86CoVaHe.338
813.72049 0.0002 0.0002 0 1 0 0 0 0 12  3 10 a 0 0 0 0 0 0 12  2 10 s 86CoVaHe.339
813.78732 0.0002 0.0002 0 1 0 0 0 0  6  2  4 a 0 0 0 0 0 0  6  3  4 s 86CoVaHe.340
813.95849 0.0002 0.0002 0 1 0 0 0 0  6  3  4 s 0 0 0 0 0 0  6  2  4 a 86CoVaHe.341
813.96698 0.0002 0.0002 0 1 0 0 0 0  1  1  0 s 0 0 0 0 0 0  1  0  1 s 86CoVaHe.342
813.96698 0.0002 0.0002 0 1 0 0 0 0 10  3  7 a 0 0 0 0 0 0 10  4  7 s 86CoVaHe.343
813.98155 0.0002 0.0002 0 1 0 0 0 0 12  4  9 a 0 0 0 0 0 0 12  3  9 s 86CoVaHe.344
814.05254 0.0002 0.0002 0 1 0 0 0 0 11  3  8 a 0 0 0 0 0 0 11  4  8 s 86CoVaHe.345
814.56247 0.0002 0.0002 0 1 0 0 0 0 11  2  9 a 0 0 0 0 0 0 11  3  9 s 86CoVaHe.346
814.60240 0.0002 0.0002 0 1 0 0 0 0 11  0 11 a 0 0 0 0 0 0 11  1 11 s 86CoVaHe.348
814.60240 0.0002 0.0002 0 1 0 0 0 0 11  1 11 a 0 0 0 0 0 0 11  0 11 s 86CoVaHe.347
814.63040 0.0002 0.0002 0 1 0 0 0 0 11  3  9 a 0 0 0 0 0 0 11  2  9 s 86CoVaHe.349
814.70201 0.0002 0.0002 0 1 0 0 0 0  3  1  2 a 0 0 0 0 0 0  3  2  2 s 86CoVaHe.350
815.18611 0.0002 0.0002 0 1 0 0 0 0 11  4  8 a 0 0 0 0 0 0 11  3  8 s 86CoVaHe.351
815.29715 0.0002 0.0002 0 1 0 0 0 0 10  2  8 a 0 0 0 0 0 0 10  3  8 s 86CoVaHe.352
815.34826 0.0002 0.0002 0 1 0 0 0 0  7  2  5 a 0 0 0 0 0 0  7  3  5 s 86CoVaHe.353
815.36835 0.0002 0.0002 0 1 0 0 0 0 10  1  9 a 0 0 0 0 0 0 10  2  9 s 86CoVaHe.354
815.39576 0.0002 0.0002 0 1 0 0 0 0 10  2  9 a 0 0 0 0 0 0 10  1  9 s 86CoVaHe.355
815.42195 0.0002 0.0002 0 1 0 0 0 0 10  1 10 a 0 0 0 0 0 0 10  0 10 s 86CoVaHe.356
815.42195 0.0002 0.0002 0 1 0 0 0 0 10  0 10 a 0 0 0 0 0 0 10  1 10 s 86CoVaHe.357
815.50674 0.0002 0.0002 0 1 0 0 0 0 10  3  8 a 0 0 0 0 0 0 10  2  8 s 86CoVaHe.358
815.69196 0.0002 0.0002 0 1 0 0 0 0  8  4  5 s 0 0 0 0 0 0  8  3  5 a 86CoVaHe.359
815.82151 0.0002 0.0002 0 1 0 0 0 0  9  2  7 a 0 0 0 0 0 0  9  3  7 s 86CoVaHe.360
815.94473 0.0002 0.0002 0 1 0 0 0 0  8  2  6 a 0 0 0 0 0 0  8  3  6 s 86CoVaHe.361
816.02024 0.0002 0.0002 0 1 0 0 0 0  2  1  1 s 0 0 0 0 0 0  2  0  2 s 86CoVaHe.362
816.12419 0.0002 0.0002 0 1 0 0 0 0  9  1  8 a 0 0 0 0 0 0  9  2  8 s 86CoVaHe.363
816.15033 0.0002 0.0002 0 1 0 0 0 0  9  2  8 a 0 0 0 0 0 0  9  1  8 s 86CoVaHe.364
816.16614 0.0002 0.0002 0 1 0 0 0 0  9  1  9 a 0 0 0 0 0 0  9  0  9 s 86CoVaHe.365
816.16614 0.0002 0.0002 0 1 0 0 0 0  9  0  9 a 0 0 0 0 0 0  9  1  9 s 86CoVaHe.366
816.27084 0.0002 0.0002 0 1 0 0 0 0  4  1  3 a 0 0 0 0 0 0  4  2  3 s 86CoVaHe.367
816.42976 0.0002 0.0002 0 1 0 0 0 0  9  3  7 a 0 0 0 0 0 0  9  2  7 s 86CoVaHe.368
816.62996 0.0002 0.0002 0 1 0 0 0 0  2  2  1 s 0 0 0 0 0 0  2  1  1 a 86CoVaHe.369
816.76065 0.0002 0.0002 0 1 0 0 0 0  8  1  7 a 0 0 0 0 0 0  8  2  7 s 86CoVaHe.370
816.78276 0.0002 0.0002 0 1 0 0 0 0 10  4  7 a 0 0 0 0 0 0 10  3  7 s 86CoVaHe.371
816.84650 0.0002 0.0002 0 1 0 0 0 0  8  2  7 a 0 0 0 0 0 0  8  1  7 s 86CoVaHe.372
817.07561 0.0002 0.0002 0 1 0 0 0 0  5  3  3 s 0 0 0 0 0 0  5  2  3 a 86CoVaHe.373
817.24178 0.0002 0.0002 0 1 0 0 0 0  5  1  4 a 0 0 0 0 0 0  5  2  4 s 86CoVaHe.374
817.25321 0.0002 0.0002 0 1 0 0 0 0  7  1  6 a 0 0 0 0 0 0  7  2  6 s 86CoVaHe.375
817.36099 0.0002 0.0002 0 1 0 0 0 0  2  2  0 s 0 0 0 0 0 0  2  1  1 s 86CoVaHe.376
817.38642 0.0002 0.0002 0 1 0 0 0 0  1  0  1 a 0 0 0 0 0 0  1  1  1 s 86CoVaHe.377
817.42680 0.0002 0.0002 0 1 0 0 0 0  7  0  7 a 0 0 0 0 0 0  7  1  7 s 86CoVaHe.378
817.43279 0.0002 0.0002 0 1 0 0 0 0  7  1  7 a 0 0 0 0 0 0  7  0  7 s 86CoVaHe.379
817.48904 0.0002 0.0002 0 1 0 0 0 0  6  1  5 a 0 0 0 0 0 0  6  2  5 s 86CoVaHe.380
817.52579 0.0002 0.0002 0 1 0 0 0 0  7  2  6 a 0 0 0 0 0 0  7  1  6 s 86CoVaHe.381
817.57323 0.0002 0.0002 0 1 0 0 0 0  8  3  6 a 0 0 0 0 0 0  8  2  6 s 86CoVaHe.382
817.61358 0.0002 0.0002 0 1 0 0 0 0 10  5  6 s 0 0 0 0 0 0 10  4  6 a 86CoVaHe.383
817.93600 0.0002 0.0002 0 1 0 0 0 0  6  0  6 a 0 0 0 0 0 0  6  1  6 s 86CoVaHe.384
817.95878 0.0002 0.0002 0 1 0 0 0 0  6  1  6 a 0 0 0 0 0 0  6  0  6 s 86CoVaHe.385
818.17721 0.0002 0.0002 0 1 0 0 0 0  2  0  2 a 0 0 0 0 0 0  2  1  2 s 86CoVaHe.386
818.28512 0.0002 0.0002 0 1 0 0 0 0  6  2  5 a 0 0 0 0 0 0  6  1  5 s 86CoVaHe.387
818.34679 0.0002 0.0002 0 1 0 0 0 0  5  0  5 a 0 0 0 0 0 0  5  1  5 s 86CoVaHe.388
818.42742 0.0002 0.0002 0 1 0 0 0 0  5  1  5 a 0 0 0 0 0 0  5  0  5 s 86CoVaHe.389
818.86977 0.0002 0.0002 0 1 0 0 0 0  4  1  4 a 0 0 0 0 0 0  4  0  4 s 86CoVaHe.390
819.01256 0.0002 0.0002 0 1 0 0 0 0  3  1  3 a 0 0 0 0 0 0  3  0  3 s 86CoVaHe.391
819.07337 0.0002 0.0002 0 1 0 0 0 0  9  4  6 a 0 0 0 0 0 0  9  3  6 s 86CoVaHe.392
819.15268 0.0002 0.0002 0 1 0 0 0 0  7  3  5 a 0 0 0 0 0 0  7  2  5 s 86CoVaHe.393
819.73621 0.0002 0.0002 0 1 0 0 0 0  7  4  4 s 0 0 0 0 0 0  7  3  4 a 86CoVaHe.394
820.17172 0.0002 0.0002 0 1 0 0 0 0  5  3  2 s 0 0 0 0 0 0  5  2  3 s 86CoVaHe.395
820.19158 0.0002 0.0002 0 1 0 0 0 0  4  3  2 s 0 0 0 0 0 0  4  2  2 a 86CoVaHe.396
820.31632 0.0002 0.0002 0 1 0 0 0 0  6  3  3 s 0 0 0 0 0 0  6  2  4 s 86CoVaHe.397
820.44493 0.0002 0.0002 0 1 0 0 0 0  3  1  2 s 0 0 0 0 0 0  3  0  3 s 86CoVaHe.398
820.57759 0.0002 0.0002 0 1 0 0 0 0  2  1  2 a 0 0 0 0 0 0  2  0  2 s 86CoVaHe.399
821.23555 0.0002 0.0002 0 1 0 0 0 0  4  3  1 s 0 0 0 0 0 0  4  2  2 s 86CoVaHe.400
821.45752 0.0002 0.0002 0 1 0 0 0 0  1  1  1 s 0 0 0 0 0 0  0  0  0 s 86CoVaHe.401
821.60850 0.0002 0.0002 0 1 0 0 0 0  2  2  1 s 0 0 0 0 0 0  2  1  2 s 86CoVaHe.402
821.66414 0.0002 0.0002 0 1 0 0 0 0  1  1  1 a 0 0 0 0 0 0  1  0  1 s 86CoVaHe.403
821.80670 0.0002 0.0002 0 1 0 0 0 0  4  2  3 a 0 0 0 0 0 0  4  1  3 s 86CoVaHe.404
822.55330 0.0002 0.0002 0 1 0 0 0 0  9  5  5 s 0 0 0 0 0 0  9  4  5 a 86CoVaHe.405
822.69652 0.0002 0.0002 0 1 0 0 0 0 10  5  5 s 0 0 0 0 0 0 10  4  6 s 86CoVaHe.406
822.78426 0.0002 0.0002 0 1 0 0 0 0  3  3  1 s 0 0 0 0 0 0  3  2  1 a 86CoVaHe.407
822.89381 0.0002 0.0002 0 1 0 0 0 0  1  1  0 s 0 0 0 0 0 0  0  0  0 a 86CoVaHe.408
822.91074 0.0002 0.0002 0 1 0 0 0 0  5  2  3 s 0 0 0 0 0 0  5  1  4 s 86CoVaHe.409
823.07066 0.0002 0.0002 0 1 0 0 0 0  1  1  0 a 0 0 0 0 0 0  1  0  1 a 86CoVaHe.410
823.44222 0.0002 0.0002 0 1 0 0 0 0  6  3  4 a 0 0 0 0 0 0  6  2  4 s 86CoVaHe.411
823.78694 0.0002 0.0002 0 1 0 0 0 0  6  4  3 s 0 0 0 0 0 0  6  3  3 a 86CoVaHe.412
823.79368 0.0002 0.0002 0 1 0 0 0 0  3  2  2 a 0 0 0 0 0 0  3  1  2 s 86CoVaHe.413
824.18665 0.0002 0.0002 0 1 0 0 0 0  3  2  2 s 0 0 0 0 0 0  3  1  3 s 86CoVaHe.414
824.95304 0.0002 0.0002 0 1 0 0 0 0  6  4  2 s 0 0 0 0 0 0  6  3  3 s 86CoVaHe.415
824.97198 0.0002 0.0002 0 1 0 0 0 0  4  1  3 s 0 0 0 0 0 0  4  0  4 s 86CoVaHe.416
825.38589 0.0002 0.0002 0 1 0 0 0 0  8  4  5 a 0 0 0 0 0 0  8  3  5 s 86CoVaHe.417
825.46483 0.0002 0.0002 0 1 0 0 0 0  2  0  2 s 0 0 0 0 0 0  1  1  1 s 86CoVaHe.418
825.52423 0.0002 0.0002 0 1 0 0 0 0 11  6  6 s 0 0 0 0 0 0 11  5  6 a 86CoVaHe.419
825.64119 0.0002 0.0002 0 1 0 0 0 0  3  3  1 s 0 0 0 0 0 0  3  2  2 s 86CoVaHe.420
825.89355 0.0002 0.0002 0 1 0 0 0 0  2  2  1 a 0 0 0 0 0 0  2  1  1 s 86CoVaHe.421
825.96285 0.0002 0.0002 0 1 0 0 0 0  5  3  3 a 0 0 0 0 0 0  5  2  3 s 86CoVaHe.422
826.16637 0.0002 0.0002 0 1 0 0 0 0  3  2  1 a 0 0 0 0 0 0  3  1  2 a 86CoVaHe.423
826.31710 0.0002 0.0002 0 1 0 0 0 0  2  2  0 a 0 0 0 0 0 0  2  1  1 a 86CoVaHe.424
826.81105 0.0002 0.0002 0 1 0 0 0 0  4  3  2 s 0 0 0 0 0 0  4  2  3 s 86CoVaHe.425
826.98996 0.0002 0.0002 0 1 0 0 0 0  9  4  5 s 0 0 0 0 0 0  9  3  6 s 86CoVaHe.426
827.23338 0.0002 0.0002 0 1 0 0 0 0  5  4  2 s 0 0 0 0 0 0  5  3  2 a 86CoVaHe.427
827.39393 0.0002 0.0002 0 1 0 0 0 0 10  5  6 a 0 0 0 0 0 0 10  4  6 s 86CoVaHe.428
827.43339 0.0002 0.0002 0 1 0 0 0 0  8  5  4 s 0 0 0 0 0 0  8  4  4 a 86CoVaHe.429
827.52813 0.0002 0.0002 0 1 0 0 0 0  4  2  3 s 0 0 0 0 0 0  4  1  4 s 86CoVaHe.430
827.62362 0.0002 0.0002 0 1 0 0 0 0  4  2  2 a 0 0 0 0 0 0  4  1  3 a 86CoVaHe.431
827.73864 0.0002 0.0002 0 1 0 0 0 0  6  2  4 s 0 0 0 0 0 0  6  1  5 s 86CoVaHe.432
828.21436 0.0002 0.0002 0 1 0 0 0 0  7  4  4 a 0 0 0 0 0 0  7  3  4 s 86CoVaHe.433
828.64546 0.0002 0.0002 0 1 0 0 0 0 13  7  7 s 0 0 0 0 0 0 13  6  7 a 86CoVaHe.434
828.77768 0.0002 0.0002 0 1 0 0 0 0  2  1  2 s 0 0 0 0 0 0  1  0  1 s 86CoVaHe.435
828.81413 0.0002 0.0002 0 1 0 0 0 0  3  1  2 a 0 0 0 0 0 0  3  0  3 a 86CoVaHe.436
828.85700 0.0002 0.0002 0 1 0 0 0 0  5  3  2 a 0 0 0 0 0 0  5  2  3 a 86CoVaHe.437
829.13465 0.0002 0.0002 0 1 0 0 0 0  4  3  2 a 0 0 0 0 0 0  4  2  2 s 86CoVaHe.438
829.58054 0.0002 0.0002 0 1 0 0 0 0  4  4  1 s 0 0 0 0 0 0  4  3  1 a 86CoVaHe.439
829.62808 0.0002 0.0002 0 1 0 0 0 0  6  3  3 a 0 0 0 0 0 0  6  2  4 a 86CoVaHe.440
829.91054 0.0002 0.0002 0 1 0 0 0 0  4  3  1 a 0 0 0 0 0 0  4  2  2 a 86CoVaHe.441
829.95580 0.0002 0.0002 0 1 0 0 0 0  8  3  5 s 0 0 0 0 0 0  8  2  6 s 86CoVaHe.442
830.18197 0.0002 0.0002 0 1 0 0 0 0  5  1  4 s 0 0 0 0 0 0  5  0  5 s 86CoVaHe.443
830.53629 0.0002 0.0002 0 1 0 0 0 0  2  2  1 a 0 0 0 0 0 0  2  1  2 a 86CoVaHe.444
830.56698 0.0002 0.0002 0 1 0 0 0 0  9  5  5 a 0 0 0 0 0 0  9  4  5 s 86CoVaHe.445
830.82925 0.0002 0.0002 0 1 0 0 0 0  5  4  2 s 0 0 0 0 0 0  5  3  3 s 86CoVaHe.446
830.90927 0.0002 0.0002 0 1 0 0 0 0 15  7  8 s 0 0 0 0 0 0 15  6  9 s 86CoVaHe.447
831.01818 0.0002 0.0002 0 1 0 0 0 0  5  2  3 a 0 0 0 0 0 0  5  1  4 a 86CoVaHe.448
831.13207 0.0002 0.0002 0 1 0 0 0 0 10  6  5 s 0 0 0 0 0 0 10  5  5 a 86CoVaHe.449
831.25752 0.0002 0.0002 0 1 0 0 0 0  8  4  4 a 0 0 0 0 0 0  8  3  5 a 86CoVaHe.450
831.27148 0.0002 0.0002 0 1 0 0 0 0  7  4  3 a 0 0 0 0 0 0  7  3  4 a 86CoVaHe.451
831.41449 0.0002 0.0002 0 1 0 0 0 0  5  2  4 s 0 0 0 0 0 0  5  1  5 s 86CoVaHe.452
831.57961 0.0002 0.0002 0 1 0 0 0 0  7  5  3 s 0 0 0 0 0 0  7  4  3 a 86CoVaHe.453
831.79831 0.0002 0.0002 0 1 0 0 0 0  3  3  0 a 0 0 0 0 0 0  3  2  1 a 86CoVaHe.454
831.81084 0.0002 0.0002 0 1 0 0 0 0  3  3  1 a 0 0 0 0 0 0  3  2  1 s 86CoVaHe.455
831.84363 0.0002 0.0002 0 1 0 0 0 0  6  3  4 s 0 0 0 0 0 0  6  2  5 s 86CoVaHe.456
832.28156 0.0002 0.0002 0 1 0 0 0 0  6  4  3 a 0 0 0 0 0 0  6  3  3 s 86CoVaHe.457
832.33842 0.0002 0.0002 0 1 0 0 0 0  1  1  0 a 0 0 0 0 0 0  0  0  0 s 86CoVaHe.458
832.61766 0.0002 0.0002 0 1 0 0 0 0  7  3  4 a 0 0 0 0 0 0  7  2  5 a 86CoVaHe.459
833.07129 0.0002 0.0002 0 1 0 0 0 0  3  2  2 a 0 0 0 0 0 0  3  1  3 a 86CoVaHe.460
833.22993 0.0002 0.0002 0 1 0 0 0 0  7  2  5 s 0 0 0 0 0 0  7  1  6 s 86CoVaHe.461
833.25181 0.0002 0.0002 0 1 0 0 0 0  7  4  4 s 0 0 0 0 0 0  7  3  5 s 86CoVaHe.462
833.40899 0.0002 0.0002 0 1 0 0 0 0  2  1  1 s 0 0 0 0 0 0  1  0  1 a 86CoVaHe.463
833.50117 0.0002 0.0002 0 1 0 0 0 0  9  5  4 a 0 0 0 0 0 0  9  4  5 a 86CoVaHe.464
833.68312 0.0002 0.0002 0 1 0 0 0 0  4  1  3 a 0 0 0 0 0 0  4  0  4 a 86CoVaHe.465
833.71742 0.0002 0.0002 0 1 0 0 0 0  9  4  5 a 0 0 0 0 0 0  9  3  6 a 86CoVaHe.466
833.87341 0.0002 0.0002 0 1 0 0 0 0  3  0  3 s 0 0 0 0 0 0  2  1  2 s 86CoVaHe.467
834.48283 0.0002 0.0002 0 1 0 0 0 0  6  5  2 s 0 0 0 0 0 0  6  4  2 a 86CoVaHe.468
834.59716 0.0002 0.0002 0 1 0 0 0 0  2  0  2 a 0 0 0 0 0 0  1  1  1 a 86CoVaHe.469
835.10773 0.0002 0.0002 0 1 0 0 0 0  6  1  5 s 0 0 0 0 0 0  6  0  6 s 86CoVaHe.470
835.38004 0.0002 0.0002 0 1 0 0 0 0  8  5  4 a 0 0 0 0 0 0  8  4  4 s 86CoVaHe.471
835.42173 0.0002 0.0002 0 1 0 0 0 0  7  3  5 s 0 0 0 0 0 0  7  2  6 s 86CoVaHe.472
835.43462 0.0002 0.0002 0 1 0 0 0 0  4  3  2 a 0 0 0 0 0 0  4  2  3 a 86CoVaHe.473
835.49859 0.0002 0.0002 0 1 0 0 0 0  3  1  3 s 0 0 0 0 0 0  2  0  2 s 86CoVaHe.474
835.59619 0.0002 0.0002 0 1 0 0 0 0  6  2  5 s 0 0 0 0 0 0  6  1  6 s 86CoVaHe.475
835.62600 0.0002 0.0002 0 1 0 0 0 0 11  6  5 a 0 0 0 0 0 0 11  5  6 a 86CoVaHe.476
835.69633 0.0002 0.0002 0 1 0 0 0 0  9  3  6 s 0 0 0 0 0 0  9  2  7 s 86CoVaHe.477
835.84243 0.0002 0.0002 0 1 0 0 0 0  9  6  4 s 0 0 0 0 0 0  9  5  4 a 86CoVaHe.478
835.84810 0.0002 0.0002 0 1 0 0 0 0  5  4  2 a 0 0 0 0 0 0  5  3  2 s 86CoVaHe.479
835.88526 0.0002 0.0002 0 1 0 0 0 0  6  2  4 a 0 0 0 0 0 0  6  1  5 a 86CoVaHe.480
835.94901 0.0002 0.0002 0 1 0 0 0 0  5  4  1 a 0 0 0 0 0 0  5  3  2 a 86CoVaHe.481
836.15857 0.0002 0.0002 0 1 0 0 0 0  5  5  1 s 0 0 0 0 0 0  5  4  1 a 86CoVaHe.482
836.52968 0.0002 0.0002 0 1 0 0 0 0  5  2  4 s 0 0 0 0 0 0  4  3  1 s 86CoVaHe.483
836.98812 0.0002 0.0002 0 1 0 0 0 0  2  2  0 s 0 0 0 0 0 0  1  1  0 a 86CoVaHe.484
837.28427 0.0002 0.0002 0 1 0 0 0 0  9  5  5 s 0 0 0 0 0 0  9  4  6 s 86CoVaHe.485
837.40162 0.0002 0.0002 0 1 0 0 0 0  8  3  5 a 0 0 0 0 0 0  8  2  6 a 86CoVaHe.486
837.96636 0.0002 0.0002 0 1 0 0 0 0  2  1  2 a 0 0 0 0 0 0  1  0  1 a 86CoVaHe.487
838.02846 0.0002 0.0002 0 1 0 0 0 0  2  2  1 s 0 0 0 0 0 0  1  1  1 a 86CoVaHe.488
838.26832 0.0002 0.0002 0 1 0 0 0 0  4  4  1 a 0 0 0 0 0 0  4  3  1 s 86CoVaHe.489
838.43122 0.0002 0.0002 0 1 0 0 0 0  8  2  6 s 0 0 0 0 0 0  8  1  7 s 86CoVaHe.490
838.45644 0.0002 0.0002 0 1 0 0 0 0 10  6  5 a 0 0 0 0 0 0 10  5  5 s 86CoVaHe.491
838.76089 0.0002 0.0002 0 1 0 0 0 0  2  2  0 s 0 0 0 0 0 0  1  1  1 s 86CoVaHe.492
839.09070 0.0002 0.0002 0 1 0 0 0 0  9  4  6 s 0 0 0 0 0 0  9  3  7 s 86CoVaHe.493
839.18484 0.0002 0.0002 0 1 0 0 0 0  8  6  3 s 0 0 0 0 0 0  8  5  3 a 86CoVaHe.494
839.39918 0.0002 0.0002 0 1 0 0 0 0  8  3  6 s 0 0 0 0 0 0  8  2  7 s 86CoVaHe.495
839.58119 0.0002 0.0002 0 1 0 0 0 0  5  2  4 a 0 0 0 0 0 0  5  1  5 a 86CoVaHe.496
839.67097 0.0002 0.0002 0 1 0 0 0 0  7  5  3 a 0 0 0 0 0 0  7  4  3 s 86CoVaHe.497
839.70212 0.0002 0.0002 0 1 0 0 0 0  7  1  6 s 0 0 0 0 0 0  7  0  7 s 86CoVaHe.498
839.77496 0.0002 0.0002 0 1 0 0 0 0  6  4  3 a 0 0 0 0 0 0  6  3  4 a 86CoVaHe.499
839.87368 0.0002 0.0002 0 1 0 0 0 0  7  2  6 s 0 0 0 0 0 0  7  1  7 s 86CoVaHe.500
841.16867 0.0002 0.0002 0 1 0 0 0 0  7  2  5 a 0 0 0 0 0 0  7  1  6 a 86CoVaHe.501
841.21678 0.0002 0.0002 0 1 0 0 0 0 10  3  7 s 0 0 0 0 0 0 10  2  8 s 86CoVaHe.502
841.25574 0.0002 0.0002 0 1 0 0 0 0  7  6  2 s 0 0 0 0 0 0  7  5  2 a 86CoVaHe.503
841.52610 0.0002 0.0002 0 1 0 0 0 0 12  7  6 a 0 0 0 0 0 0 12  6  6 s 86CoVaHe.504
841.57767 0.0002 0.0002 0 1 0 0 0 0  4  0  4 s 0 0 0 0 0 0  3  1  3 s 86CoVaHe.505
841.82497 0.0002 0.0002 0 1 0 0 0 0  3  1  2 a 0 0 0 0 0 0  2  2  1 a 86CoVaHe.506
842.19542 0.0002 0.0002 0 1 0 0 0 0  4  1  4 s 0 0 0 0 0 0  3  0  3 s 86CoVaHe.507
842.42798 0.0002 0.0002 0 1 0 0 0 0 11  5  7 s 0 0 0 0 0 0 11  4  8 s 86CoVaHe.508
842.68293 0.0002 0.0002 0 1 0 0 0 0  6  5  2 a 0 0 0 0 0 0  6  4  2 s 86CoVaHe.509
842.81925 0.0002 0.0002 0 1 0 0 0 0  7  3  5 a 0 0 0 0 0 0  7  2  6 a 86CoVaHe.510
842.84967 0.0002 0.0002 0 1 0 0 0 0  2  1  1 a 0 0 0 0 0 0  1  0  1 s 86CoVaHe.511
842.97549 0.0002 0.0002 0 1 0 0 0 0  3  0  3 a 0 0 0 0 0 0  2  1  2 a 86CoVaHe.512
843.17519 0.0002 0.0002 0 1 0 0 0 0  9  2  7 s 0 0 0 0 0 0  9  1  8 s 86CoVaHe.513
843.24349 0.0002 0.0002 0 1 0 0 0 0  4  1  3 s 0 0 0 0 0 0  3  2  2 s 86CoVaHe.514
843.32255 0.0002 0.0002 0 1 0 0 0 0  9  6  4 a 0 0 0 0 0 0  9  5  4 s 86CoVaHe.515
843.55091 0.0002 0.0002 0 1 0 0 0 0  9  3  7 s 0 0 0 0 0 0  9  2  8 s 86CoVaHe.516
843.59390 0.0002 0.0002 0 1 0 0 0 0  6  1  5 a 0 0 0 0 0 0  6  0  6 a 86CoVaHe.517
843.70095 0.0002 0.0002 0 1 0 0 0 0 10  7  4 s 0 0 0 0 0 0 10  6  4 a 86CoVaHe.518
843.95736 0.0002 0.0002 0 1 0 0 0 0  6  2  5 a 0 0 0 0 0 0  6  1  6 a 86CoVaHe.519
844.05520 0.0002 0.0002 0 1 0 0 0 0  3  1  3 a 0 0 0 0 0 0  2  0  2 a 86CoVaHe.520
844.07378 0.0002 0.0002 0 1 0 0 0 0  8  1  7 s 0 0 0 0 0 0  8  0  8 s 86CoVaHe.521
844.12950 0.0002 0.0002 0 1 0 0 0 0  8  2  7 s 0 0 0 0 0 0  8  1  8 s 86CoVaHe.522
844.42063 0.0002 0.0002 0 1 0 0 0 0  5  5  1 a 0 0 0 0 0 0  5  4  1 s 86CoVaHe.523
845.48783 0.0002 0.0002 0 1 0 0 0 0  3  1  2 s 0 0 0 0 0 0  2  0  2 a 86CoVaHe.524
845.52106 0.0002 0.0002 0 1 0 0 0 0  2  2  1 a 0 0 0 0 0 0  1  1  0 a 86CoVaHe.525
845.55264 0.0002 0.0002 0 1 0 0 0 0  9  4  6 a 0 0 0 0 0 0  9  3  7 a 86CoVaHe.526
845.91022 0.0002 0.0002 0 1 0 0 0 0 14  7  8 s 0 0 0 0 0 0 14  6  9 s 86CoVaHe.527
846.23668 0.0002 0.0002 0 1 0 0 0 0  3  2  1 s 0 0 0 0 0 0  2  1  1 a 86CoVaHe.528
846.27920 0.0002 0.0002 0 1 0 0 0 0  2  2  0 a 0 0 0 0 0 0  1  1  0 s 86CoVaHe.529
846.80357 0.0002 0.0002 0 1 0 0 0 0  8  6  3 a 0 0 0 0 0 0  8  5  3 s 86CoVaHe.530
846.82965 0.0002 0.0002 0 1 0 0 0 0 11  7  5 a 0 0 0 0 0 0 11  6  5 s 86CoVaHe.531
846.86279 0.0002 0.0002 0 1 0 0 0 0 11  4  8 s 0 0 0 0 0 0 11  3  9 s 86CoVaHe.532
846.89038 0.0002 0.0002 0 1 0 0 0 0  8  3  6 a 0 0 0 0 0 0  8  2  7 a 86CoVaHe.533
847.29345 0.0002 0.0002 0 1 0 0 0 0  2  2  1 a 0 0 0 0 0 0  1  1  1 s 86CoVaHe.534
847.33742 0.0002 0.0002 0 1 0 0 0 0  7  2  6 a 0 0 0 0 0 0  6  3  3 a 86CoVaHe.535
847.56948 0.0002 0.0002 0 1 0 0 0 0 10  2  8 s 0 0 0 0 0 0 10  1  9 s 86CoVaHe.536
848.29268 0.0002 0.0002 0 1 0 0 0 0  9  1  8 s 0 0 0 0 0 0  9  0  9 s 86CoVaHe.537
848.55432 0.0002 0.0002 0 1 0 0 0 0  3  2  2 s 0 0 0 0 0 0  2  1  2 a 86CoVaHe.538
848.83344 0.0002 0.0002 0 1 0 0 0 0  5  0  5 s 0 0 0 0 0 0  4  1  4 s 86CoVaHe.539
848.96724 0.0002 0.0002 0 1 0 0 0 0  7  6  2 a 0 0 0 0 0 0  7  5  2 s 86CoVaHe.540
849.03263 0.0002 0.0002 0 1 0 0 0 0  5  1  5 s 0 0 0 0 0 0  4  0  4 s 86CoVaHe.541
850.33466 0.0002 0.0002 0 1 0 0 0 0  4  2  3 s 0 0 0 0 0 0  3  1  2 s 86CoVaHe.542
850.66936 0.0002 0.0002 0 1 0 0 0 0 10  7  4 a 0 0 0 0 0 0 10  6  4 s 86CoVaHe.543
850.69427 0.0002 0.0002 0 1 0 0 0 0  4  0  4 a 0 0 0 0 0 0  3  1  3 a 86CoVaHe.544
851.25337 0.0002 0.0002 0 1 0 0 0 0  4  1  4 a 0 0 0 0 0 0  3  0  3 a 86CoVaHe.545
851.56134 0.0002 0.0002 0 1 0 0 0 0  6  3  3 s 0 0 0 0 0 0  5  4  2 s 86CoVaHe.546
851.83694 0.0002 0.0002 0 1 0 0 0 0 11  3  9 s 0 0 0 0 0 0 11  2 10 s 86CoVaHe.547
851.96508 0.0002 0.0002 0 1 0 0 0 0  4  1  3 a 0 0 0 0 0 0  3  2  2 a 86CoVaHe.548
852.25985 0.0002 0.0002 0 1 0 0 0 0  3  3  0 s 0 0 0 0 0 0  2  2  0 a 86CoVaHe.549
852.29235 0.0002 0.0002 0 1 0 0 0 0  3  3  1 s 0 0 0 0 0 0  2  2  0 s 86CoVaHe.550
852.38943 0.0002 0.0002 0 1 0 0 0 0 10  1  9 s 0 0 0 0 0 0 10  0 10 s 86CoVaHe.551
852.50546 0.0002 0.0002 0 1 0 0 0 0  8  2  7 a 0 0 0 0 0 0  8  1  8 a 86CoVaHe.552
852.52944 0.0002 0.0002 0 1 0 0 0 0  5  1  4 s 0 0 0 0 0 0  4  2  3 s 86CoVaHe.553
852.76423 0.0002 0.0002 0 1 0 0 0 0  3  3  1 s 0 0 0 0 0 0  2  2  1 a 86CoVaHe.554
853.60311 0.0002 0.0002 0 1 0 0 0 0 15  9  6 a 0 0 0 0 0 0 15  8  7 a 86CoVaHe.555
853.96905 0.0002 0.0002 0 1 0 0 0 0  9  8  2 s 0 0 0 0 0 0  9  7  2 a 86CoVaHe.556
854.19774 0.0002 0.0002 0 1 0 0 0 0  3  1  2 a 0 0 0 0 0 0  2  0  2 s 86CoVaHe.557
854.30946 0.0002 0.0002 0 1 0 0 0 0 12  8  4 a 0 0 0 0 0 0 12  7  5 a 86CoVaHe.558
854.83853 0.0002 0.0002 0 1 0 0 0 0  8  7  2 a 0 0 0 0 0 0  8  6  3 a 86CoVaHe.559
855.50462 0.0002 0.0002 0 1 0 0 0 0  3  2  1 a 0 0 0 0 0 0  2  1  1 s 86CoVaHe.560
855.84145 0.0002 0.0002 0 1 0 0 0 0  6  0  6 s 0 0 0 0 0 0  5  1  5 s 86CoVaHe.561
855.84145 0.0002 0.0002 0 1 0 0 0 0 12  2 10 s 0 0 0 0 0 0 12  1 11 s 86CoVaHe.562
855.89999 0.0002 0.0002 0 1 0 0 0 0  6  1  6 s 0 0 0 0 0 0  5  0  5 s 86CoVaHe.563
856.09483 0.0002 0.0002 0 1 0 0 0 0  7  7  1 a 0 0 0 0 0 0  7  6  1 s 86CoVaHe.564
856.13333 0.0002 0.0002 0 1 0 0 0 0  4  2  2 s 0 0 0 0 0 0  3  1  2 a 86CoVaHe.565
856.29034 0.0002 0.0002 0 1 0 0 0 0  5  2  4 s 0 0 0 0 0 0  4  1  3 s 86CoVaHe.566
856.37729 0.0002 0.0002 0 1 0 0 0 0 11  2 10 s 0 0 0 0 0 0 11  1 11 s 86CoVaHe.567
857.35570 0.0002 0.0002 0 1 0 0 0 0  4  1  3 s 0 0 0 0 0 0  3  0  3 a 86CoVaHe.568
857.76181 0.0002 0.0002 0 1 0 0 0 0  5  2  3 a 0 0 0 0 0 0  4  3  2 a 86CoVaHe.569
858.00326 0.0002 0.0002 0 1 0 0 0 0  5  0  5 a 0 0 0 0 0 0  4  1  4 a 86CoVaHe.570
858.18731 0.0002 0.0002 0 1 0 0 0 0  5  1  5 a 0 0 0 0 0 0  4  0  4 a 86CoVaHe.571
859.61241 0.0002 0.0002 0 1 0 0 0 0  4  2  3 s 0 0 0 0 0 0  3  1  3 a 86CoVaHe.572
860.63033 0.0002 0.0002 0 1 0 0 0 0  9  8  2 a 0 0 0 0 0 0  9  7  2 s 86CoVaHe.573
860.69357 0.0002 0.0002 0 1 0 0 0 0  4  3  1 s 0 0 0 0 0 0  3  2  1 a 86CoVaHe.574
860.76018 0.0002 0.0002 0 1 0 0 0 0  6  1  5 s 0 0 0 0 0 0  5  2  4 s 86CoVaHe.575
860.99748 0.0002 0.0002 0 1 0 0 0 0  3  3  1 a 0 0 0 0 0 0  2  2  0 a 86CoVaHe.576
861.13862 0.0002 0.0002 0 1 0 0 0 0  5  1  4 a 0 0 0 0 0 0  4  2  3 a 86CoVaHe.577
861.30600 0.0002 0.0002 0 1 0 0 0 0  3  3  0 a 0 0 0 0 0 0  2  2  0 s 86CoVaHe.578
861.79101 0.0002 0.0002 0 1 0 0 0 0  3  3  1 a 0 0 0 0 0 0  2  2  1 s 86CoVaHe.579
862.18069 0.0002 0.0002 0 1 0 0 0 0  6  4  3 a 0 0 0 0 0 0  6  1  5 s 86CoVaHe.580
862.37944 0.0002 0.0002 0 1 0 0 0 0  6  2  5 s 0 0 0 0 0 0  5  1  4 s 86CoVaHe.581
862.50534 0.0002 0.0002 0 1 0 0 0 0  4  3  2 s 0 0 0 0 0 0  3  2  2 a 86CoVaHe.582
862.69216 0.0002 0.0002 0 1 0 0 0 0  7  0  7 s 0 0 0 0 0 0  6  1  6 s 86CoVaHe.583
862.70833 0.0002 0.0002 0 1 0 0 0 0  7  1  7 s 0 0 0 0 0 0  6  0  6 s 86CoVaHe.584
863.04122 0.0002 0.0002 0 1 0 0 0 0 12  9  4 a 0 0 0 0 0 0 12  8  4 s 86CoVaHe.585
864.46500 0.0002 0.0002 0 1 0 0 0 0  5  2  4 a 0 0 0 0 0 0  4  1  3 a 86CoVaHe.586
865.09470 0.0002 0.0002 0 1 0 0 0 0  6  0  6 a 0 0 0 0 0 0  5  1  5 a 86CoVaHe.587
865.14891 0.0002 0.0002 0 1 0 0 0 0  6  1  6 a 0 0 0 0 0 0  5  0  5 a 86CoVaHe.588
865.47501 0.0002 0.0002 0 1 0 0 0 0  8  4  4 s 0 0 0 0 0 0  7  5  3 s 86CoVaHe.589
865.54596 0.0002 0.0002 0 1 0 0 0 0  4  2  2 a 0 0 0 0 0 0  3  1  2 s 86CoVaHe.590
865.74641 0.0002 0.0002 0 1 0 0 0 0  4  2  2 s 0 0 0 0 0 0  3  1  3 s 86CoVaHe.591
866.40824 0.0002 0.0002 0 1 0 0 0 0  4  1  3 a 0 0 0 0 0 0  3  0  3 s 86CoVaHe.592
866.50337 0.0002 0.0002 0 1 0 0 0 0  5  3  3 s 0 0 0 0 0 0  4  2  2 s 86CoVaHe.593
867.43741 0.0002 0.0002 0 1 0 0 0 0  9  9  0 a 0 0 0 0 0 0  9  8  1 a 86CoVaHe.594
867.43741 0.0002 0.0002 0 1 0 0 0 0  9  9  1 a 0 0 0 0 0 0  9  8  2 a 86CoVaHe.595
867.77408 0.0002 0.0002 0 1 0 0 0 0  4  4  0 s 0 0 0 0 0 0  3  3  0 a 86CoVaHe.596
867.87812 0.0002 0.0002 0 1 0 0 0 0  4  4  1 s 0 0 0 0 0 0  3  3  1 a 86CoVaHe.597
867.94193 0.0002 0.0002 0 1 0 0 0 0  4  4  1 s 0 0 0 0 0 0  3  3  0 s 86CoVaHe.598
868.09938 0.0002 0.0002 0 1 0 0 0 0  9  5  4 a 0 0 0 0 0 0  8  7  1 a 86CoVaHe.599
868.09938 0.0002 0.0002 0 1 0 0 0 0  4  4  0 s 0 0 0 0 0 0  3  3  1 s 86CoVaHe.600
868.17012 0.0002 0.0002 0 1 0 0 0 0  5  2  3 s 0 0 0 0 0 0  4  1  3 a 86CoVaHe.601
868.23547 0.0002 0.0002 0 1 0 0 0 0  7  1  6 s 0 0 0 0 0 0  6  2  5 s 86CoVaHe.602
868.77094 0.0002 0.0002 0 1 0 0 0 0 13 10  4 a 0 0 0 0 0 0 13  9  5 a 86CoVaHe.603
868.83114 0.0002 0.0002 0 1 0 0 0 0  7  2  6 s 0 0 0 0 0 0  6  1  5 s 86CoVaHe.604
868.84262 0.0002 0.0002 0 1 0 0 0 0  6  2  4 a 0 0 0 0 0 0  5  3  3 a 86CoVaHe.605
869.01258 0.0002 0.0002 0 1 0 0 0 0  4  2  3 a 0 0 0 0 0 0  3  1  3 s 86CoVaHe.606
869.26057 0.0002 0.0002 0 1 0 0 0 0  6  1  5 a 0 0 0 0 0 0  5  2  4 a 86CoVaHe.607
869.28287 0.0002 0.0002 0 1 0 0 0 0  5  3  2 s 0 0 0 0 0 0  4  2  2 a 86CoVaHe.608
869.41660 0.0002 0.0002 0 1 0 0 0 0  8  0  8 s 0 0 0 0 0 0  7  1  7 s 86CoVaHe.609
869.68825 0.0002 0.0002 0 1 0 0 0 0  4  3  1 a 0 0 0 0 0 0  3  2  1 s 86CoVaHe.610
869.94188 0.0002 0.0002 0 1 0 0 0 0  5  1  4 s 0 0 0 0 0 0  4  0  4 a 86CoVaHe.611
870.44381 0.0002 0.0002 0 1 0 0 0 0 12 10  2 a 0 0 0 0 0 0 12  9  3 a 86CoVaHe.612
870.75230 0.0002 0.0002 0 1 0 0 0 0  6  2  5 a 0 0 0 0 0 0  5  1  4 a 86CoVaHe.613
870.82942 0.0002 0.0002 0 1 0 0 0 0  7  2  5 s 0 0 0 0 0 0  6  3  4 s 86CoVaHe.614
871.07125 0.0002 0.0002 0 1 0 0 0 0  5  2  4 s 0 0 0 0 0 0  4  1  4 a 86CoVaHe.615
871.44977 0.0002 0.0002 0 1 0 0 0 0  4  3  2 a 0 0 0 0 0 0  3  2  2 s 86CoVaHe.616
872.05587 0.0002 0.0002 0 1 0 0 0 0  7  0  7 a 0 0 0 0 0 0  6  1  6 a 86CoVaHe.617
872.07085 0.0002 0.0002 0 1 0 0 0 0  7  1  7 a 0 0 0 0 0 0  6  0  6 a 86CoVaHe.618
872.10099 0.0002 0.0002 0 1 0 0 0 0  6  3  4 s 0 0 0 0 0 0  5  2  3 s 86CoVaHe.619
872.50589 0.0002 0.0002 0 1 0 0 0 0 15 11  5 a 0 0 0 0 0 0 15 10  6 a 86CoVaHe.620
872.80317 0.0002 0.0002 0 1 0 0 0 0  5  3  3 s 0 0 0 0 0 0  4  2  3 a 86CoVaHe.621
873.23018 0.0002 0.0002 0 1 0 0 0 0  7  3  4 a 0 0 0 0 0 0  6  4  3 a 86CoVaHe.622
875.29033 0.0002 0.0002 0 1 0 0 0 0  8  1  7 s 0 0 0 0 0 0  7  2  6 s 86CoVaHe.623
875.48800 0.0002 0.0002 0 1 0 0 0 0  8  2  7 s 0 0 0 0 0 0  7  1  6 s 86CoVaHe.624
876.02321 0.0002 0.0002 0 1 0 0 0 0  9  1  9 s 0 0 0 0 0 0  8  0  8 s 86CoVaHe.625
876.25638 0.0002 0.0002 0 1 0 0 0 0  5  4  1 s 0 0 0 0 0 0  4  3  1 a 86CoVaHe.626
876.51057 0.0002 0.0002 0 1 0 0 0 0  4  4  0 a 0 0 0 0 0 0  3  3  0 s 86CoVaHe.627
876.60359 0.0002 0.0002 0 1 0 0 0 0  5  2  3 a 0 0 0 0 0 0  4  1  3 s 86CoVaHe.628
876.61124 0.0002 0.0002 0 1 0 0 0 0  4  4  1 a 0 0 0 0 0 0  3  3  1 s 86CoVaHe.629
876.67243 0.0002 0.0002 0 1 0 0 0 0  7  1  6 a 0 0 0 0 0 0  6  2  5 a 86CoVaHe.630
877.09540 0.0002 0.0002 0 1 0 0 0 0  5  4  2 s 0 0 0 0 0 0  4  3  2 a 86CoVaHe.631
877.22362 0.0002 0.0002 0 1 0 0 0 0  7  2  6 a 0 0 0 0 0 0  6  1  5 a 86CoVaHe.632
877.26922 0.0002 0.0002 0 1 0 0 0 0  7  3  5 s 0 0 0 0 0 0  6  2  4 s 86CoVaHe.633
877.66288 0.0002 0.0002 0 1 0 0 0 0  4  3  1 s 0 0 0 0 0 0  3  0  3 a 86CoVaHe.634
878.14814 0.0002 0.0002 0 1 0 0 0 0  6  3  3 s 0 0 0 0 0 0  5  2  3 a 86CoVaHe.635
878.28459 0.0002 0.0002 0 1 0 0 0 0  5  3  2 a 0 0 0 0 0 0  4  2  2 s 86CoVaHe.636
878.73380 0.0002 0.0002 0 1 0 0 0 0 11 11  1 a 0 0 0 0 0 0 11 10  1 s 86CoVaHe.637
878.78095 0.0002 0.0002 0 1 0 0 0 0  7  2  5 a 0 0 0 0 0 0  6  3  4 a 86CoVaHe.638
878.88231 0.0002 0.0002 0 1 0 0 0 0  5  1  4 a 0 0 0 0 0 0  4  0  4 s 86CoVaHe.639
878.92121 0.0002 0.0002 0 1 0 0 0 0  8  1  8 a 0 0 0 0 0 0  7  0  7 a 86CoVaHe.640
879.58059 0.0002 0.0002 0 1 0 0 0 0  5  2  4 a 0 0 0 0 0 0  4  1  4 s 86CoVaHe.641
880.20589 0.0002 0.0002 0 1 0 0 0 0  6  2  4 s 0 0 0 0 0 0  5  1  4 a 86CoVaHe.642
881.69363 0.0002 0.0002 0 1 0 0 0 0  5  3  3 a 0 0 0 0 0 0  4  2  3 s 86CoVaHe.643
882.11250 0.0002 0.0002 0 1 0 0 0 0  9  1  8 s 0 0 0 0 0 0  8  2  7 s 86CoVaHe.644
882.17425 0.0002 0.0002 0 1 0 0 0 0  9  2  8 s 0 0 0 0 0 0  8  1  7 s 86CoVaHe.645
882.29754 0.0002 0.0002 0 1 0 0 0 0  6  1  5 s 0 0 0 0 0 0  5  0  5 a 86CoVaHe.646
882.51072 0.0002 0.0002 0 1 0 0 0 0 10  0 10 s 0 0 0 0 0 0  9  1  9 s 86CoVaHe.647
882.51072 0.0002 0.0002 0 1 0 0 0 0 10  1 10 s 0 0 0 0 0 0  9  0  9 s 86CoVaHe.648
882.67390 0.0002 0.0002 0 1 0 0 0 0  8  3  6 s 0 0 0 0 0 0  7  2  5 s 86CoVaHe.649
882.75497 0.0002 0.0002 0 1 0 0 0 0  6  2  5 s 0 0 0 0 0 0  5  1  5 a 86CoVaHe.650
883.25896 0.0002 0.0002 0 1 0 0 0 0  5  5  0 s 0 0 0 0 0 0  4  4  0 a 86CoVaHe.651
883.28676 0.0002 0.0002 0 1 0 0 0 0  5  5  1 s 0 0 0 0 0 0  4  4  1 a 86CoVaHe.652
883.40917 0.0002 0.0002 0 1 0 0 0 0  5  5  1 s 0 0 0 0 0 0  4  4  0 s 86CoVaHe.653
883.61499 0.0002 0.0002 0 1 0 0 0 0  6  3  4 s 0 0 0 0 0 0  5  2  4 a 86CoVaHe.654
883.70174 0.0002 0.0002 0 1 0 0 0 0  8  1  7 a 0 0 0 0 0 0  7  2  6 a 86CoVaHe.655
883.88427 0.0002 0.0002 0 1 0 0 0 0  8  2  7 a 0 0 0 0 0 0  7  1  6 a 86CoVaHe.657
883.88427 0.0002 0.0002 0 1 0 0 0 0 13  9  4 s 0 0 0 0 0 0 12 10  3 s 86CoVaHe.656
884.20123 0.0002 0.0002 0 1 0 0 0 0  6  4  2 s 0 0 0 0 0 0  5  3  2 a 86CoVaHe.658
884.89281 0.0002 0.0002 0 1 0 0 0 0  5  4  1 a 0 0 0 0 0 0  4  3  1 s 86CoVaHe.659
885.05570 0.0002 0.0002 0 1 0 0 0 0 13 13  0 s 0 0 0 0 0 0 13 12  1 s 86CoVaHe.660
885.05570 0.0002 0.0002 0 1 0 0 0 0 13 13  1 s 0 0 0 0 0 0 13 12  2 s 86CoVaHe.661
885.14791 0.0002 0.0002 0 1 0 0 0 0  8  3  5 a 0 0 0 0 0 0  7  4  4 a 86CoVaHe.662
885.68951 0.0002 0.0002 0 1 0 0 0 0  9  0  9 a 0 0 0 0 0 0  8  1  8 a 86CoVaHe.663
885.68951 0.0002 0.0002 0 1 0 0 0 0  9  1  9 a 0 0 0 0 0 0  8  0  8 a 86CoVaHe.664
885.70983 0.0002 0.0002 0 1 0 0 0 0  5  4  2 a 0 0 0 0 0 0  4  3  2 s 86CoVaHe.665
886.63054 0.0002 0.0002 0 1 0 0 0 0  6  4  3 s 0 0 0 0 0 0  5  3  3 a 86CoVaHe.666
887.37111 0.0002 0.0002 0 1 0 0 0 0  8  2  6 a 0 0 0 0 0 0  7  3  5 a 86CoVaHe.667
887.41369 0.0002 0.0002 0 1 0 0 0 0  9  2  7 s 0 0 0 0 0 0  8  3  6 s 86CoVaHe.668
887.77076 0.0002 0.0002 0 1 0 0 0 0  6  3  3 a 0 0 0 0 0 0  5  2  3 s 86CoVaHe.669
888.63626 0.0002 0.0002 0 1 0 0 0 0  9  3  7 s 0 0 0 0 0 0  8  2  6 s 86CoVaHe.670
888.67513 0.0002 0.0002 0 1 0 0 0 0  6  2  4 a 0 0 0 0 0 0  5  1  4 s 86CoVaHe.671
888.78145 0.0002 0.0002 0 1 0 0 0 0 10  1  9 s 0 0 0 0 0 0  9  2  8 s 86CoVaHe.672
888.79947 0.0002 0.0002 0 1 0 0 0 0 10  2  9 s 0 0 0 0 0 0  9  1  8 s 86CoVaHe.673
889.97907 0.0002 0.0002 0 1 0 0 0 0  6  3  3 s 0 0 0 0 0 0  5  2  4 s 86CoVaHe.674
890.17525 0.0002 0.0002 0 1 0 0 0 0  8  3  6 a 0 0 0 0 0 0  7  2  5 a 86CoVaHe.675
890.52737 0.0002 0.0002 0 1 0 0 0 0  9  1  8 a 0 0 0 0 0 0  8  2  7 a 86CoVaHe.676
890.58401 0.0002 0.0002 0 1 0 0 0 0  9  2  8 a 0 0 0 0 0 0  8  1  7 a 86CoVaHe.677
890.64631 0.0002 0.0002 0 1 0 0 0 0  7  3  4 s 0 0 0 0 0 0  6  2  4 a 86CoVaHe.678
891.13026 0.0002 0.0002 0 1 0 0 0 0  6  1  5 a 0 0 0 0 0 0  5  0  5 s 86CoVaHe.679
891.42513 0.0002 0.0002 0 1 0 0 0 0  5  5  0 a 0 0 0 0 0 0  4  4  1 a 86CoVaHe.680
891.46249 0.0002 0.0002 0 1 0 0 0 0  6  2  5 a 0 0 0 0 0 0  5  1  5 s 86CoVaHe.681
891.54763 0.0002 0.0002 0 1 0 0 0 0  5  5  0 a 0 0 0 0 0 0  4  4  0 s 86CoVaHe.682
891.57498 0.0002 0.0002 0 1 0 0 0 0  5  5  1 a 0 0 0 0 0 0  4  4  1 s 86CoVaHe.683
891.89734 0.0002 0.0002 0 1 0 0 0 0  6  5  1 s 0 0 0 0 0 0  5  4  1 a 86CoVaHe.684
892.06062 0.0002 0.0002 0 1 0 0 0 0  7  4  3 s 0 0 0 0 0 0  6  3  3 a 86CoVaHe.685
892.17374 0.0002 0.0002 0 1 0 0 0 0  6  5  2 s 0 0 0 0 0 0  5  4  2 a 86CoVaHe.686
892.37260 0.0002 0.0002 0 1 0 0 0 0 10  0 10 a 0 0 0 0 0 0  9  1  9 a 86CoVaHe.687
892.37260 0.0002 0.0002 0 1 0 0 0 0 10  1 10 a 0 0 0 0 0 0  9  0  9 a 86CoVaHe.688
892.78038 0.0002 0.0002 0 1 0 0 0 0  6  4  2 a 0 0 0 0 0 0  5  3  2 s 86CoVaHe.689
892.92759 0.0002 0.0002 0 1 0 0 0 0  7  2  5 s 0 0 0 0 0 0  6  1  5 a 86CoVaHe.690
893.10513 0.0002 0.0002 0 1 0 0 0 0  6  3  4 a 0 0 0 0 0 0  5  2  4 s 86CoVaHe.691
894.33996 0.0002 0.0002 0 1 0 0 0 0  7  1  6 s 0 0 0 0 0 0  6  0  6 a 86CoVaHe.692
894.50334 0.0002 0.0002 0 1 0 0 0 0  7  2  6 s 0 0 0 0 0 0  6  1  6 a 86CoVaHe.693
894.55498 0.0002 0.0002 0 1 0 0 0 0 10  2  8 s 0 0 0 0 0 0  9  3  7 s 86CoVaHe.694
894.84135 0.0002 0.0002 0 1 0 0 0 0  7  3  5 s 0 0 0 0 0 0  6  2  5 a 86CoVaHe.695
894.95496 0.0002 0.0002 0 1 0 0 0 0  9  2  7 a 0 0 0 0 0 0  8  3  6 a 86CoVaHe.696
895.00068 0.0002 0.0002 0 1 0 0 0 0 10  3  8 s 0 0 0 0 0 0  9  2  7 s 86CoVaHe.697
895.12599 0.0002 0.0002 0 1 0 0 0 0  6  4  3 a 0 0 0 0 0 0  5  3  3 s 86CoVaHe.698
895.32908 0.0002 0.0002 0 1 0 0 0 0 11  2 10 s 0 0 0 0 0 0 10  1  9 s 86CoVaHe.699
895.85247 0.0002 0.0002 0 1 0 0 0 0  9  3  6 a 0 0 0 0 0 0  8  4  5 a 86CoVaHe.700
896.08771 0.0002 0.0002 0 1 0 0 0 0  9  3  7 a 0 0 0 0 0 0  8  2  6 a 86CoVaHe.701
896.68492 0.0002 0.0002 0 1 0 0 0 0  7  4  4 s 0 0 0 0 0 0  6  3  4 a 86CoVaHe.702
897.22345 0.0002 0.0002 0 1 0 0 0 0 10  1  9 a 0 0 0 0 0 0  9  2  8 a 86CoVaHe.703
897.24004 0.0002 0.0002 0 1 0 0 0 0 10  2  9 a 0 0 0 0 0 0  9  1  8 a 86CoVaHe.704
898.14686 0.0002 0.0002 0 1 0 0 0 0 10  3  7 s 0 0 0 0 0 0  9  4  6 s 86CoVaHe.705
898.38584 0.0002 0.0002 0 1 0 0 0 0  9  4  6 s 0 0 0 0 0 0  8  3  5 s 86CoVaHe.706
898.44105 0.0002 0.0002 0 1 0 0 0 0  7  3  4 a 0 0 0 0 0 0  6  2  4 s 86CoVaHe.707
898.96631 0.0002 0.0002 0 1 0 0 0 0 11  0 11 a 0 0 0 0 0 0 10  1 10 a 86CoVaHe.708
898.96631 0.0002 0.0002 0 1 0 0 0 0 11  1 11 a 0 0 0 0 0 0 10  0 10 a 86CoVaHe.709
899.62136 0.0002 0.0002 0 1 0 0 0 0  8  4  4 s 0 0 0 0 0 0  7  3  4 a 86CoVaHe.710
900.03514 0.0002 0.0002 0 1 0 0 0 0  7  5  2 s 0 0 0 0 0 0  6  4  2 a 86CoVaHe.711
900.09951 0.0002 0.0002 0 1 0 0 0 0  6  5  1 a 0 0 0 0 0 0  5  4  1 s 86CoVaHe.712
900.29430 0.0002 0.0002 0 1 0 0 0 0  6  5  1 a 0 0 0 0 0 0  5  4  2 a 86CoVaHe.713
900.36935 0.0002 0.0002 0 1 0 0 0 0  6  5  2 a 0 0 0 0 0 0  5  4  2 s 86CoVaHe.714
900.72669 0.0002 0.0002 0 1 0 0 0 0  7  4  3 a 0 0 0 0 0 0  6  3  3 s 86CoVaHe.715
900.82118 0.0002 0.0002 0 1 0 0 0 0 10  4  6 a 0 0 0 0 0 0  9  5  5 a 86CoVaHe.716
901.13434 0.0002 0.0002 0 1 0 0 0 0  7  5  3 s 0 0 0 0 0 0  6  4  3 a 86CoVaHe.717
901.18690 0.0002 0.0002 0 1 0 0 0 0  7  2  5 a 0 0 0 0 0 0  6  1  5 s 86CoVaHe.718
901.35970 0.0002 0.0002 0 1 0 0 0 0 11  2  9 s 0 0 0 0 0 0 10  3  8 s 86CoVaHe.719
901.51192 0.0002 0.0002 0 1 0 0 0 0 11  3  9 s 0 0 0 0 0 0 10  2  8 s 86CoVaHe.720
901.74872 0.0002 0.0002 0 1 0 0 0 0 12  2 11 s 0 0 0 0 0 0 11  1 10 s 86CoVaHe.721
901.96448 0.0002 0.0002 0 1 0 0 0 0 10  2  8 a 0 0 0 0 0 0  9  3  7 a 86CoVaHe.722
902.37539 0.0002 0.0002 0 1 0 0 0 0 10  3  8 a 0 0 0 0 0 0  9  2  7 a 86CoVaHe.723
902.55765 0.0002 0.0002 0 1 0 0 0 0  8  3  5 s 0 0 0 0 0 0  7  2  5 a 86CoVaHe.724
902.55765 0.0002 0.0002 0 1 0 0 0 0  7  3  5 a 0 0 0 0 0 0  6  2  5 s 86CoVaHe.725
903.11096 0.0002 0.0002 0 1 0 0 0 0  7  1  6 a 0 0 0 0 0 0  6  0  6 s 86CoVaHe.726
903.23046 0.0002 0.0002 0 1 0 0 0 0  7  2  6 a 0 0 0 0 0 0  6  1  6 s 86CoVaHe.727
903.81693 0.0002 0.0002 0 1 0 0 0 0 11  1 10 a 0 0 0 0 0 0 10  2  9 a 86CoVaHe.728
904.84999 0.0002 0.0002 0 1 0 0 0 0  9  4  6 a 0 0 0 0 0 0  8  3  5 a 86CoVaHe.729
904.98683 0.0002 0.0002 0 1 0 0 0 0 10  3  7 a 0 0 0 0 0 0  9  4  6 a 86CoVaHe.730
905.16496 0.0002 0.0002 0 1 0 0 0 0  7  4  4 a 0 0 0 0 0 0  6  3  4 s 86CoVaHe.731
905.46933 0.0002 0.0002 0 1 0 0 0 0  8  2  6 s 0 0 0 0 0 0  7  1  6 a 86CoVaHe.732
906.15916 0.0002 0.0002 0 1 0 0 0 0  8  1  7 s 0 0 0 0 0 0  7  0  7 a 86CoVaHe.733
906.21276 0.0002 0.0002 0 1 0 0 0 0  8  2  7 s 0 0 0 0 0 0  7  1  7 a 86CoVaHe.734
906.34032 0.0002 0.0002 0 1 0 0 0 0  8  3  6 s 0 0 0 0 0 0  7  2  6 a 86CoVaHe.735
907.24200 0.0002 0.0002 0 1 0 0 0 0  8  4  5 s 0 0 0 0 0 0  7  3  5 a 86CoVaHe.736
907.31991 0.0002 0.0002 0 1 0 0 0 0  6  4  2 s 0 0 0 0 0 0  5  1  4 a 86CoVaHe.737
907.40901 0.0002 0.0002 0 1 0 0 0 0  7  6  1 s 0 0 0 0 0 0  6  5  1 a 86CoVaHe.738
907.45926 0.0002 0.0002 0 1 0 0 0 0  7  6  2 s 0 0 0 0 0 0  6  5  2 a 86CoVaHe.739
907.50301 0.0002 0.0002 0 1 0 0 0 0  8  5  3 s 0 0 0 0 0 0  7  4  3 a 86CoVaHe.740
907.96794 0.0002 0.0002 0 1 0 0 0 0 12  2 10 s 0 0 0 0 0 0 11  3  9 s 86CoVaHe.741
908.01779 0.0002 0.0002 0 1 0 0 0 0 12  3 10 s 0 0 0 0 0 0 11  2  9 s 86CoVaHe.742
908.16011 0.0002 0.0002 0 1 0 0 0 0  7  5  2 a 0 0 0 0 0 0  6  4  2 s 86CoVaHe.743
908.41239 0.0002 0.0002 0 1 0 0 0 0 11  4  8 s 0 0 0 0 0 0 10  3  7 s 86CoVaHe.744
908.67302 0.0002 0.0002 0 1 0 0 0 0 11  2  9 a 0 0 0 0 0 0 10  3  8 a 86CoVaHe.745
908.81156 0.0002 0.0002 0 1 0 0 0 0 11  3  9 a 0 0 0 0 0 0 10  2  8 a 86CoVaHe.746
909.22459 0.0002 0.0002 0 1 0 0 0 0  7  5  3 a 0 0 0 0 0 0  6  4  3 s 86CoVaHe.747
909.53767 0.0002 0.0002 0 1 0 0 0 0 10  4  7 a 0 0 0 0 0 0  9  3  6 a 86CoVaHe.748
909.58273 0.0002 0.0002 0 1 0 0 0 0  8  4  4 a 0 0 0 0 0 0  7  3  4 s 86CoVaHe.749
910.29980 0.0002 0.0002 0 1 0 0 0 0  8  3  5 a 0 0 0 0 0 0  7  2  5 s 86CoVaHe.750
910.31447 0.0002 0.0002 0 1 0 0 0 0 12  1 11 a 0 0 0 0 0 0 11  2 10 a 86CoVaHe.751
910.42762 0.0002 0.0002 0 1 0 0 0 0  8  5  4 s 0 0 0 0 0 0  7  4  4 a 86CoVaHe.752
912.82736 0.0002 0.0002 0 1 0 0 0 0 11  3  8 a 0 0 0 0 0 0 10  4  7 a 86CoVaHe.753
913.49726 0.0002 0.0002 0 1 0 0 0 0  8  2  6 a 0 0 0 0 0 0  7  1  6 s 86CoVaHe.754
914.15078 0.0002 0.0002 0 1 0 0 0 0  8  3  6 a 0 0 0 0 0 0  7  2  6 s 86CoVaHe.755
914.39312 0.0002 0.0002 0 1 0 0 0 0 12  4  9 s 0 0 0 0 0 0 11  3  8 s 86CoVaHe.756
914.44937 0.0002 0.0002 0 1 0 0 0 0 13  3 11 s 0 0 0 0 0 0 12  2 10 s 86CoVaHe.757
914.80625 0.0002 0.0002 0 1 0 0 0 0 11  4  8 a 0 0 0 0 0 0 10  3  7 a 86CoVaHe.758
914.90638 0.0002 0.0002 0 1 0 0 0 0  8  1  7 a 0 0 0 0 0 0  7  0  7 s 86CoVaHe.759
914.94475 0.0002 0.0002 0 1 0 0 0 0  8  2  7 a 0 0 0 0 0 0  7  1  7 s 86CoVaHe.760
915.16151 0.0002 0.0002 0 1 0 0 0 0  7  6  1 a 0 0 0 0 0 0  6  5  1 s 86CoVaHe.761
915.21007 0.0002 0.0002 0 1 0 0 0 0  7  6  2 a 0 0 0 0 0 0  6  5  2 s 86CoVaHe.762
915.21007 0.0002 0.0002 0 1 0 0 0 0 12  2 10 a 0 0 0 0 0 0 11  3  9 a 86CoVaHe.763
915.25446 0.0002 0.0002 0 1 0 0 0 0 12  3 10 a 0 0 0 0 0 0 11  2  9 a 86CoVaHe.764
915.35417 0.0002 0.0002 0 1 0 0 0 0  9  3  6 s 0 0 0 0 0 0  8  2  6 a 86CoVaHe.765
915.56294 0.0002 0.0002 0 1 0 0 0 0  8  5  3 a 0 0 0 0 0 0  7  4  3 s 86CoVaHe.766
915.76763 0.0002 0.0002 0 1 0 0 0 0  8  6  2 s 0 0 0 0 0 0  7  5  2 a 86CoVaHe.767
916.13996 0.0002 0.0002 0 1 0 0 0 0  8  6  3 s 0 0 0 0 0 0  7  5  3 a 86CoVaHe.768
917.60890 0.0002 0.0002 0 1 0 0 0 0  9  2  7 s 0 0 0 0 0 0  8  1  7 a 86CoVaHe.769
917.81670 0.0002 0.0002 0 1 0 0 0 0  9  1  8 s 0 0 0 0 0 0  8  0  8 a 86CoVaHe.770
917.83343 0.0002 0.0002 0 1 0 0 0 0  9  2  8 s 0 0 0 0 0 0  8  1  8 a 86CoVaHe.771
917.95394 0.0002 0.0002 0 1 0 0 0 0  9  3  7 s 0 0 0 0 0 0  8  2  7 a 86CoVaHe.772
918.22430 0.0002 0.0002 0 1 0 0 0 0  9  4  6 s 0 0 0 0 0 0  8  3  6 a 86CoVaHe.773
918.37312 0.0002 0.0002 0 1 0 0 0 0  8  5  4 a 0 0 0 0 0 0  7  4  4 s 86CoVaHe.774
919.59378 0.0002 0.0002 0 1 0 0 0 0 11  5  7 s 0 0 0 0 0 0 10  4  6 s 86CoVaHe.775
919.65980 0.0002 0.0002 0 1 0 0 0 0  9  5  5 a 0 0 0 0 0 0  8  4  4 a 86CoVaHe.776
919.76989 0.0002 0.0002 0 1 0 0 0 0  9  4  5 a 0 0 0 0 0 0  8  3  5 s 86CoVaHe.777
920.21602 0.0002 0.0002 0 1 0 0 0 0  9  5  5 s 0 0 0 0 0 0  8  4  5 a 86CoVaHe.778
920.77754 0.0002 0.0002 0 1 0 0 0 0 14  2 12 s 0 0 0 0 0 0 13  3 11 s 86CoVaHe.779
921.57135 0.0002 0.0002 0 1 0 0 0 0  7  7  1 a 0 0 0 0 0 0  6  6  1 s 86CoVaHe.780
921.57135 0.0002 0.0002 0 1 0 0 0 0  7  7  0 a 0 0 0 0 0 0  6  6  0 s 86CoVaHe.781
921.94646 0.0002 0.0002 0 1 0 0 0 0  7  4  3 s 0 0 0 0 0 0  6  1  5 a 86CoVaHe.782
922.80645 0.0002 0.0002 0 1 0 0 0 0  9  3  6 a 0 0 0 0 0 0  8  2  6 s 86CoVaHe.783
922.85688 0.0002 0.0002 0 1 0 0 0 0  9  5  4 a 0 0 0 0 0 0  8  4  4 s 86CoVaHe.784
923.39414 0.0002 0.0002 0 1 0 0 0 0  8  6  2 a 0 0 0 0 0 0  7  5  2 s 86CoVaHe.785
923.56988 0.0002 0.0002 0 1 0 0 0 0  9  6  3 s 0 0 0 0 0 0  8  5  3 a 86CoVaHe.786
923.75580 0.0002 0.0002 0 1 0 0 0 0  8  6  3 a 0 0 0 0 0 0  7  5  3 s 86CoVaHe.787
924.86065 0.0002 0.0002 0 1 0 0 0 0  9  6  4 s 0 0 0 0 0 0  8  5  4 a 86CoVaHe.788
924.97336 0.0002 0.0002 0 1 0 0 0 0  9  4  6 a 0 0 0 0 0 0  8  3  6 s 86CoVaHe.789
925.45393 0.0002 0.0002 0 1 0 0 0 0  9  2  7 a 0 0 0 0 0 0  8  1  7 s 86CoVaHe.790
925.54736 0.0002 0.0002 0 1 0 0 0 0 10  5  6 a 0 0 0 0 0 0  9  4  5 a 86CoVaHe.791
925.71098 0.0002 0.0002 0 1 0 0 0 0  9  3  7 a 0 0 0 0 0 0  8  2  7 s 86CoVaHe.792
926.53319 0.0002 0.0002 0 1 0 0 0 0  8  3  5 s 0 0 0 0 0 0  7  2  6 a 86CoVaHe.793
926.57038 0.0002 0.0002 0 1 0 0 0 0  9  1  8 a 0 0 0 0 0 0  8  0  8 s 86CoVaHe.794
926.58223 0.0002 0.0002 0 1 0 0 0 0  9  2  8 a 0 0 0 0 0 0  8  1  8 s 86CoVaHe.795
928.08519 0.0002 0.0002 0 1 0 0 0 0 10  3  7 s 0 0 0 0 0 0  9  2  7 a 86CoVaHe.796
928.23035 0.0002 0.0002 0 1 0 0 0 0  9  5  5 a 0 0 0 0 0 0  8  4  5 s 86CoVaHe.797
929.23098 0.0002 0.0002 0 1 0 0 0 0 15  7  8 a 0 0 0 0 0 0 14  8  7 a 86CoVaHe.798
929.34074 0.0002 0.0002 0 1 0 0 0 0 10  1  9 s 0 0 0 0 0 0  9  0  9 a 86CoVaHe.799
929.43394 0.0002 0.0002 0 1 0 0 0 0 10  2  8 s 0 0 0 0 0 0  9  1  8 a 86CoVaHe.800
929.51833 0.0002 0.0002 0 1 0 0 0 0 10  4  7 s 0 0 0 0 0 0  9  3  7 a 86CoVaHe.801
929.55912 0.0002 0.0002 0 1 0 0 0 0 10  3  8 s 0 0 0 0 0 0  9  2  8 a 86CoVaHe.802
930.08771 0.0002 0.0002 0 1 0 0 0 0  8  7  1 a 0 0 0 0 0 0  7  6  1 s 86CoVaHe.803
930.09828 0.0002 0.0002 0 1 0 0 0 0  8  7  2 a 0 0 0 0 0 0  7  6  2 s 86CoVaHe.804
930.49467 0.0002 0.0002 0 1 0 0 0 0 10  5  6 s 0 0 0 0 0 0  9  4  6 a 86CoVaHe.805
930.62588 0.0002 0.0002 0 1 0 0 0 0  7  4  3 a 0 0 0 0 0 0  6  1  5 s 86CoVaHe.806
931.02183 0.0002 0.0002 0 1 0 0 0 0 10  5  5 a 0 0 0 0 0 0  9  4  5 s 86CoVaHe.807
931.09300 0.0002 0.0002 0 1 0 0 0 0  9  6  3 a 0 0 0 0 0 0  8  5  3 s 86CoVaHe.808
931.27275 0.0002 0.0002 0 1 0 0 0 0  9  7  2 s 0 0 0 0 0 0  8  6  2 a 86CoVaHe.809
932.33879 0.0002 0.0002 0 1 0 0 0 0  9  6  4 a 0 0 0 0 0 0  8  5  4 s 86CoVaHe.810
932.88877 0.0002 0.0002 0 1 0 0 0 0  9  4  5 s 0 0 0 0 0 0  8  3  6 s 86CoVaHe.811
933.36805 0.0002 0.0002 0 1 0 0 0 0  8  4  5 s 0 0 0 0 0 0  7  1  6 s 86CoVaHe.812
933.88603 0.0002 0.0002 0 1 0 0 0 0 10  6  5 s 0 0 0 0 0 0  9  5  5 a 86CoVaHe.813
934.51853 0.0002 0.0002 0 1 0 0 0 0 11  5  6 s 0 0 0 0 0 0 10  4  6 a 86CoVaHe.814
934.60143 0.0002 0.0002 0 1 0 0 0 0  7  5  2 a 0 0 0 0 0 0  6  2  4 s 86CoVaHe.815
935.19728 0.0002 0.0002 0 1 0 0 0 0 10  3  7 a 0 0 0 0 0 0  9  2  7 s 86CoVaHe.816
936.29522 0.0002 0.0002 0 1 0 0 0 0 10  4  7 a 0 0 0 0 0 0  9  3  7 s 86CoVaHe.817
936.44480 0.0002 0.0002 0 1 0 0 0 0  8  5  3 s 0 0 0 0 0 0  7  2  5 a 86CoVaHe.818
936.54172 0.0002 0.0002 0 1 0 0 0 0  8  8  0 a 0 0 0 0 0 0  7  7  0 s 86CoVaHe.819
936.54172 0.0002 0.0002 0 1 0 0 0 0  8  8  1 a 0 0 0 0 0 0  7  7  1 s 86CoVaHe.820
937.14617 0.0002 0.0002 0 1 0 0 0 0 10  2  8 a 0 0 0 0 0 0  9  1  8 s 86CoVaHe.821
937.23744 0.0002 0.0002 0 1 0 0 0 0 10  3  8 a 0 0 0 0 0 0  9  2  8 s 86CoVaHe.822
938.03981 0.0002 0.0002 0 1 0 0 0 0 10  6  4 a 0 0 0 0 0 0  9  5  4 s 86CoVaHe.823
938.48055 0.0002 0.0002 0 1 0 0 0 0  9  7  3 a 0 0 0 0 0 0  8  6  3 s 86CoVaHe.824
939.34736 0.0002 0.0002 0 1 0 0 0 0 10  7  3 s 0 0 0 0 0 0  9  6  3 a 86CoVaHe.825
939.79103 0.0002 0.0002 0 1 0 0 0 0 10  7  4 s 0 0 0 0 0 0  9  6  4 a 86CoVaHe.826
940.27806 0.0002 0.0002 0 1 0 0 0 0 10  5  6 a 0 0 0 0 0 0  9  4  6 s 86CoVaHe.827
940.35484 0.0002 0.0002 0 1 0 0 0 0 11  3  8 s 0 0 0 0 0 0 10  2  8 a 86CoVaHe.828
940.74069 0.0002 0.0002 0 1 0 0 0 0 11  2 10 s 0 0 0 0 0 0 10  1 10 a 86CoVaHe.829
940.97369 0.0002 0.0002 0 1 0 0 0 0 11  4  8 s 0 0 0 0 0 0 10  3  8 a 86CoVaHe.830
941.04295 0.0002 0.0002 0 1 0 0 0 0 11  2  9 s 0 0 0 0 0 0 10  1  9 a 86CoVaHe.831
941.08582 0.0002 0.0002 0 1 0 0 0 0 11  3  9 s 0 0 0 0 0 0 10  2  9 a 86CoVaHe.832
943.38407 0.0002 0.0002 0 1 0 0 0 0 11  6  6 s 0 0 0 0 0 0 10  5  6 a 86CoVaHe.833
943.76414 0.0002 0.0002 0 1 0 0 0 0 11  4  7 a 0 0 0 0 0 0 10  3  7 s 86CoVaHe.834
944.52050 0.0002 0.0002 0 1 0 0 0 0  8  5  3 a 0 0 0 0 0 0  7  2  5 s 86CoVaHe.835
944.97174 0.0002 0.0002 0 1 0 0 0 0  9  8  1 a 0 0 0 0 0 0  8  7  1 s 86CoVaHe.836
946.75696 0.0002 0.0002 0 1 0 0 0 0 10  7  4 a 0 0 0 0 0 0  9  6  4 s 86CoVaHe.837
947.17174 0.0002 0.0002 0 1 0 0 0 0 11  3  8 a 0 0 0 0 0 0 10  2  8 s 86CoVaHe.838
947.63893 0.0002 0.0002 0 1 0 0 0 0 11  4  8 a 0 0 0 0 0 0 10  3  8 s 86CoVaHe.839
948.24749 0.0002 0.0002 0 1 0 0 0 0 11  7  5 s 0 0 0 0 0 0 10  6  5 a 86CoVaHe.840
948.65845 0.0002 0.0002 0 1 0 0 0 0 11  2  9 a 0 0 0 0 0 0 10  1  9 s 86CoVaHe.841
948.68897 0.0002 0.0002 0 1 0 0 0 0 11  3  9 a 0 0 0 0 0 0 10  2  9 s 86CoVaHe.842
948.72301 0.0002 0.0002 0 1 0 0 0 0  9  4  6 s 0 0 0 0 0 0  8  1  7 s 86CoVaHe.843
949.58135 0.0002 0.0002 0 1 0 0 0 0 11  1 10 a 0 0 0 0 0 0 10  0 10 s 86CoVaHe.844
951.47187 0.0002 0.0002 0 1 0 0 0 0  9  9  0 a 0 0 0 0 0 0  8  8  0 s 86CoVaHe.845
951.47187 0.0002 0.0002 0 1 0 0 0 0  9  9  1 a 0 0 0 0 0 0  8  8  1 s 86CoVaHe.846
952.01707 0.0002 0.0002 0 1 0 0 0 0 12  1 11 s 0 0 0 0 0 0 11  0 11 a 86CoVaHe.847
952.01707 0.0002 0.0002 0 1 0 0 0 0 12  2 11 s 0 0 0 0 0 0 11  1 11 a 86CoVaHe.848
952.21014 0.0002 0.0002 0 1 0 0 0 0 12  3  9 s 0 0 0 0 0 0 11  2  9 a 86CoVaHe.849
952.25731 0.0002 0.0002 0 1 0 0 0 0 12  5  8 s 0 0 0 0 0 0 11  4  8 a 86CoVaHe.850
952.45319 0.0002 0.0002 0 1 0 0 0 0 12  4  9 s 0 0 0 0 0 0 11  3  9 a 86CoVaHe.851
952.48848 0.0002 0.0002 0 1 0 0 0 0 12  2 10 s 0 0 0 0 0 0 11  1 10 a 86CoVaHe.852
952.50256 0.0002 0.0002 0 1 0 0 0 0 12  3 10 s 0 0 0 0 0 0 11  2 10 a 86CoVaHe.853
953.23693 0.0002 0.0002 0 1 0 0 0 0 10  8  2 a 0 0 0 0 0 0  9  7  2 s 86CoVaHe.854
953.25112 0.0002 0.0002 0 1 0 0 0 0 10  8  3 a 0 0 0 0 0 0  9  7  3 s 86CoVaHe.855
953.35296 0.0002 0.0002 0 1 0 0 0 0 12  6  7 s 0 0 0 0 0 0 11  5  7 a 86CoVaHe.856
953.68400 0.0002 0.0002 0 1 0 0 0 0 11  7  4 a 0 0 0 0 0 0 10  6  4 s 86CoVaHe.857
954.60931 0.0002 0.0002 0 1 0 0 0 0 11  8  3 s 0 0 0 0 0 0 10  7  3 a 86CoVaHe.858
956.23537 0.0002 0.0002 0 1 0 0 0 0 12  4  8 a 0 0 0 0 0 0 11  3  8 s 86CoVaHe.859
956.37941 0.0002 0.0002 0 1 0 0 0 0 11  5  6 s 0 0 0 0 0 0 10  4  7 s 86CoVaHe.860
958.11781 0.0002 0.0002 0 1 0 0 0 0  9  5  4 a 0 0 0 0 0 0  8  2  6 s 86CoVaHe.861
958.79377 0.0002 0.0002 0 1 0 0 0 0 12  3  9 a 0 0 0 0 0 0 11  2  9 s 86CoVaHe.862
959.80966 0.0002 0.0002 0 1 0 0 0 0 10  9  1 a 0 0 0 0 0 0  9  8  1 s 86CoVaHe.863
959.80966 0.0002 0.0002 0 1 0 0 0 0 10  9  2 a 0 0 0 0 0 0  9  8  2 s 86CoVaHe.864
960.03379 0.0002 0.0002 0 1 0 0 0 0 12  2 10 a 0 0 0 0 0 0 11  1 10 s 86CoVaHe.865
960.04350 0.0002 0.0002 0 1 0 0 0 0 12  3 10 a 0 0 0 0 0 0 11  2 10 s 86CoVaHe.866
960.93859 0.0002 0.0002 0 1 0 0 0 0 12  2 11 a 0 0 0 0 0 0 11  1 11 s 86CoVaHe.868
960.93859 0.0002 0.0002 0 1 0 0 0 0 12  1 11 a 0 0 0 0 0 0 11  0 11 s 86CoVaHe.867
962.94755 0.0002 0.0002 0 1 0 0 0 0 10  3  7 s 0 0 0 0 0 0  9  2  8 s 86CoVaHe.869
963.17333 0.0002 0.0002 0 1 0 0 0 0 13  1 12 s 0 0 0 0 0 0 12  0 12 a 86CoVaHe.870
963.17333 0.0002 0.0002 0 1 0 0 0 0 13  2 12 s 0 0 0 0 0 0 12  1 12 a 86CoVaHe.871
963.51934 0.0002 0.0002 0 1 0 0 0 0 13  5  9 s 0 0 0 0 0 0 12  4  9 a 86CoVaHe.872
963.77868 0.0002 0.0002 0 1 0 0 0 0 13  3 10 s 0 0 0 0 0 0 12  2 10 a 86CoVaHe.873
963.86831 0.0002 0.0002 0 1 0 0 0 0 13  4 10 s 0 0 0 0 0 0 12  3 10 a 86CoVaHe.874
966.16509 0.0002 0.0002 0 1 0 0 0 0 13  7  7 s 0 0 0 0 0 0 12  6  7 a 86CoVaHe.875
969.36465 0.0002 0.0002 0 1 0 0 0 0 12  8  4 a 0 0 0 0 0 0 11  7  5 a 86CoVaHe.876
970.10613 0.0002 0.0002 0 1 0 0 0 0 12  9  3 s 0 0 0 0 0 0 11  8  3 a 86CoVaHe.877
970.12213 0.0002 0.0002 0 1 0 0 0 0 12  9  4 s 0 0 0 0 0 0 11  8  4 a 86CoVaHe.878
972.19804 0.0002 0.0002 0 1 0 0 0 0 13  2 12 a 0 0 0 0 0 0 12  1 12 s 86CoVaHe.879
972.19804 0.0002 0.0002 0 1 0 0 0 0 13  1 12 a 0 0 0 0 0 0 12  0 12 s 86CoVaHe.880
972.64810 0.0002 0.0002 0 1 0 0 0 0 10  6  4 a 0 0 0 0 0 0  9  3  6 s 86CoVaHe.881
974.20656 0.0002 0.0002 0 1 0 0 0 0 14  1 13 s 0 0 0 0 0 0 13  0 13 a 86CoVaHe.882
974.20656 0.0002 0.0002 0 1 0 0 0 0 14  2 13 s 0 0 0 0 0 0 13  1 13 a 86CoVaHe.883
974.84334 0.0002 0.0002 0 1 0 0 0 0 14  5 10 s 0 0 0 0 0 0 13  4 10 a 86CoVaHe.884
975.14220 0.0002 0.0002 0 1 0 0 0 0 14  3 11 s 0 0 0 0 0 0 13  2 11 a 86CoVaHe.885
975.17395 0.0002 0.0002 0 1 0 0 0 0 14  4 11 s 0 0 0 0 0 0 13  3 11 a 86CoVaHe.886
976.00046 0.0002 0.0002 0 1 0 0 0 0 12  9  3 a 0 0 0 0 0 0 11  8  3 s 86CoVaHe.887
976.01559 0.0002 0.0002 0 1 0 0 0 0 12  9  4 a 0 0 0 0 0 0 11  8  4 s 86CoVaHe.888
983.35964 0.0002 0.0002 0 1 0 0 0 0 14  1 13 a 0 0 0 0 0 0 13  0 13 s 86CoVaHe.889
983.35964 0.0002 0.0002 0 1 0 0 0 0 14  2 13 a 0 0 0 0 0 0 13  1 13 s 86CoVaHe.890
985.11573 0.0002 0.0002 0 1 0 0 0 0 15  2 14 s 0 0 0 0 0 0 14  1 14 a 86CoVaHe.891
985.11573 0.0002 0.0002 0 1 0 0 0 0 15  1 14 s 0 0 0 0 0 0 14  0 14 a 86CoVaHe.892
986.12229 0.0002 0.0002 0 1 0 0 0 0 15  5 11 s 0 0 0 0 0 0 14  4 11 a 86CoVaHe.893
988.53303 0.0002 0.0002 0 1 0 0 0 0 15  8  8 s 0 0 0 0 0 0 14  7  8 a 86CoVaHe.894