n2' inv' n2" inv" J' Ka' Kc' J" Ka" Kc" nu
1	s	0	s	8	1	7	9	2	8	733.62788
1	a	0	a	9	1	8	10	2	9	733.96819
1	s	0	a	5	3	3	6	4	3	734.03352
1	a	0	s	6	1	5	7	2	5	734.08488
1	a	0	s	6	3	3	7	4	3	735.15118
1	s	0	a	5	1	5	6	2	5	735.30129
1	s	0	a	5	3	2	6	4	2	735.60786
1	s	0	a	5	0	5	6	1	5	735.66862
1	s	0	a	5	2	4	6	3	4	735.83201
1	a	0	s	6	2	4	7	3	4	736.83683
1	a	0	a	8	3	6	9	2	7	737.62565
1	s	0	a	5	1	4	6	2	4	738.65605
1	a	0	s	5	4	2	6	5	2	738.66452
1	s	0	s	7	3	5	8	2	6	738.84463
1	a	0	a	9	1	9	10	0	10	738.84463
1	a	0	a	9	0	9	10	1	10	738.84463
1	a	0	s	5	4	1	6	5	1	738.85546
1	s	0	s	4	4	0	5	5	1	739.96044
1	s	0	a	5	2	3	6	3	3	740.23483
1	a	0	a	5	3	3	6	4	2	741.39909
1	s	0	s	7	2	6	8	1	7	741.77553
1	a	0	a	8	2	7	9	1	8	742.09320
1	a	0	s	5	3	3	6	4	3	742.89634
1	s	0	s	4	3	2	5	4	1	744.01212
1	s	0	a	4	3	2	5	4	2	744.20710
1	a	0	s	5	2	4	6	3	4	744.31770
1	a	0	s	5	3	2	6	4	2	744.58440
1	s	0	a	4	3	1	5	4	1	744.76716
1	a	0	s	5	1	5	6	2	5	744.78676
1	a	0	s	5	0	5	6	1	5	745.16976
1	s	0	s	15	2	13	15	3	12	745.28938
1	s	0	s	7	1	7	8	0	8	745.63414
1	a	0	a	5	3	2	6	4	3	745.81477
1	a	0	a	8	1	8	9	0	9	746.94918
1	s	0	a	4	2	3	5	3	3	747.32065
1	a	0	s	5	1	4	5	2	4	747.57930
1	s	0	a	4	1	4	5	2	4	747.84083
1	a	0	s	4	4	1	5	5	1	748.47245
1	a	0	s	4	4	0	5	5	0	748.49604
1	a	0	s	5	2	3	6	3	3	748.65196
1	s	0	s	6	1	5	7	2	6	749.25018
1	s	0	a	4	2	2	5	3	2	749.83681
1	a	0	a	7	1	6	8	2	7	749.99358
1	a	0	a	6	2	4	7	3	5	750.06180
1	a	0	a	7	2	6	8	1	7	750.16874
1	s	0	a	4	1	3	5	2	3	751.50097
1	a	0	a	4	3	2	5	4	1	752.66642
1	a	0	a	4	2	3	5	3	2	753.10307
1	a	0	s	4	3	2	5	4	2	753.12029
1	s	0	s	4	2	2	5	3	3	753.43281
1	s	0	s	6	0	6	7	1	7	753.70709
1	a	0	s	4	3	1	5	4	1	753.73092
1	a	0	a	4	3	1	5	4	2	753.92561
1	s	0	a	3	3	1	4	4	1	753.98627
1	s	0	s	11	10	2	12	9	3	754.09212
1	s	0	a	3	3	0	4	4	0	754.09212
1	s	0	a	3	3	1	4	4	0	754.10906
1	s	0	s	3	3	0	4	4	1	754.28006
1	a	0	a	5	2	3	6	3	4	756.14528
1	s	0	s	5	1	4	6	2	5	756.54081
1	a	0	s	4	2	3	5	3	3	756.69902
1	s	0	a	12	11	1	12	12	1	757.22090
1	s	0	s	3	2	2	4	3	1	757.22090
1	a	0	s	4	1	4	5	2	4	757.22957
1	a	0	a	6	1	5	7	2	6	757.75106
1	s	0	a	3	2	2	4	3	2	758.13911
1	a	0	s	4	0	4	5	1	4	758.23490
1	a	0	a	6	2	5	7	1	6	758.26725
1	a	0	s	4	2	2	5	3	2	759.23276
1	s	0	a	3	2	1	4	3	1	759.56384
1	s	0	a	3	1	3	4	2	3	759.98733
1	a	0	s	4	1	3	5	2	3	760.54015
1	s	0	s	3	2	1	4	3	2	760.77965
1	s	0	s	5	0	5	6	1	6	761.67522
1	s	0	s	5	1	5	6	0	6	761.73963
1	s	0	a	3	0	3	4	1	3	761.96696
1	a	0	a	3	1	3	4	2	2	762.25545
1	a	0	a	4	2	2	5	3	3	762.53179
1	a	0	a	3	3	1	4	4	0	762.81996
1	a	0	a	6	0	6	7	1	7	762.95588
1	a	0	a	6	1	6	7	0	7	762.96999
1	a	0	s	3	3	1	4	4	1	763.00770
1	a	0	s	3	3	0	4	4	0	763.12293
1	s	0	s	4	1	3	5	2	4	763.33167
1	s	0	a	3	1	2	4	2	2	763.68807
1	a	0	a	5	1	4	6	2	5	765.15108
1	a	0	a	3	2	2	4	3	1	766.12682
1	a	0	a	5	2	4	6	1	5	766.41611
1	a	0	s	3	2	2	4	3	2	767.34195
1	s	0	a	2	2	1	3	3	1	768.25479
1	s	0	s	2	2	1	3	3	0	768.31862
1	s	0	a	2	2	0	3	3	0	768.68795
1	a	0	s	3	2	1	4	3	1	768.81365
1	a	0	s	3	1	3	4	2	3	768.87492
1	s	0	s	2	2	0	3	3	1	769.01296
1	s	0	s	4	0	4	5	1	5	769.49595
1	s	0	s	4	1	4	5	0	5	769.71026
1	a	0	a	3	2	1	4	3	2	769.73187
1	a	0	a	5	0	5	6	1	6	770.84149
1	a	0	a	5	1	5	6	0	6	770.89107
1	a	0	s	3	0	3	4	1	3	771.40193
1	s	0	a	2	1	2	3	2	2	771.56170
1	a	0	a	4	1	3	5	2	4	772.05439
1	a	0	s	3	1	2	4	2	2	772.38668
1	s	0	s	9	2	8	9	3	7	772.54218
1	s	0	a	2	1	1	3	2	1	773.66745
1	s	0	a	2	0	2	3	1	2	774.72683
1	a	0	a	4	2	3	5	1	4	776.22113
1	s	0	s	2	1	1	3	2	2	776.52430
1	s	0	s	7	1	7	7	2	6	776.85111
1	s	0	s	3	0	3	4	1	4	777.08261
1	a	0	a	2	2	1	3	3	0	777.22061
1	a	0	s	2	2	1	3	3	1	777.54572
1	s	0	s	3	1	3	4	0	4	777.73097
1	a	0	a	2	2	0	3	3	1	777.94173
1	a	0	s	2	2	0	3	3	0	778.00565
1	a	0	a	2	1	2	3	2	1	778.22466
1	a	0	a	4	0	4	5	1	5	778.61029
1	a	0	a	3	1	2	4	2	3	778.68673
1	s	0	s	8	1	7	8	2	6	778.71348
1	s	0	s	9	3	7	9	4	6	778.75086
1	a	0	a	4	1	4	5	0	5	778.76693
1	s	0	s	9	5	5	9	6	4	780.76662
1	a	0	s	2	1	2	3	2	2	781.08165
1	s	0	s	1	1	1	2	2	0	781.95576
1	s	0	a	1	1	1	2	2	1	782.42824
1	s	0	s	6	0	6	6	1	5	782.66468
1	s	0	s	7	2	6	7	3	5	782.99273
1	s	0	s	9	5	4	9	6	3	783.08374
1	a	0	a	14	7	7	14	8	7	783.09794
1	a	0	s	2	1	1	3	2	1	783.09794
1	s	0	a	1	1	0	2	2	0	783.40224
1	a	0	s	2	0	2	3	1	2	784.19329
1	s	0	s	8	4	5	8	5	4	784.32307
1	s	0	s	2	0	2	3	1	3	784.33971
1	a	0	s	10	6	4	10	7	4	784.58482
1	s	0	s	7	1	6	7	2	5	784.83104
1	s	0	s	10	3	7	10	4	6	785.26309
1	a	0	a	2	1	1	3	2	2	785.63386
1	s	0	s	2	1	2	3	0	3	786.00513
1	s	0	s	6	4	3	6	5	2	786.14740
1	a	0	a	3	1	3	4	0	4	786.28717
1	a	0	a	8	2	7	8	3	6	786.34799
1	s	0	s	5	4	2	5	5	1	786.38141
1	s	0	a	1	0	1	2	1	1	786.48524
1	s	0	s	7	3	5	7	4	4	786.57670
1	s	0	s	5	1	5	5	2	4	787.39226
1	s	0	s	6	2	5	6	3	4	787.49179
1	s	0	s	8	2	6	8	3	5	788.09394
1	s	0	s	7	4	3	7	5	2	788.17858
1	s	0	s	5	0	5	5	1	4	788.45833
1	s	0	s	8	4	4	8	5	3	788.52329
1	s	0	s	6	3	4	6	4	3	789.03477
1	a	0	s	7	5	2	7	6	2	789.67832
1	a	0	s	8	5	3	8	6	3	790.16353
1	s	0	s	5	3	3	5	4	2	790.48866
1	s	0	s	6	1	5	6	2	4	791.09812
1	s	0	a	5	2	4	5	3	3	791.18246
1	s	0	s	1	0	1	2	1	2	791.46435
1	a	0	s	9	5	4	9	6	4	791.71482
1	s	0	a	4	3	1	4	4	0	792.01834
1	a	0	s	1	1	0	2	2	0	792.83657
1	s	0	s	5	3	2	5	4	1	793.10348
1	a	0	a	7	1	6	7	2	5	793.27773
1	s	0	a	5	3	2	5	4	2	793.29837
1	a	0	a	1	1	0	2	2	1	793.30897
1	a	0	a	2	0	2	3	1	3	793.47107
1	s	0	s	6	3	3	6	4	2	793.87527
1	s	0	s	4	0	4	4	1	3	794.37207
1	a	0	s	10	5	5	10	6	5	794.66007
1	s	0	s	8	3	5	8	4	4	794.69509
1	s	0	s	1	1	1	2	0	2	794.80108
1	a	0	s	5	4	1	5	5	1	795.09689
1	s	0	a	6	3	3	6	4	3	795.10609
1	a	0	a	2	1	2	3	0	3	795.19394
1	a	0	a	9	3	6	10	2	9	795.56390
1	s	0	s	3	2	2	3	3	1	795.56390
1	a	0	s	6	4	2	6	5	2	795.59643
1	a	0	a	6	2	5	6	3	4	795.87931
1	a	0	s	1	0	1	2	1	1	795.98672
1	s	0	s	3	1	3	3	2	2	796.00257
1	s	0	a	9	4	5	9	5	5	796.48372
1	s	0	s	5	1	4	5	2	3	796.79866
1	a	0	s	7	4	3	7	5	3	797.12584
1	s	0	s	6	2	4	6	3	3	797.83963
1	s	0	a	3	2	1	3	3	1	797.86131
1	a	0	a	9	3	6	9	4	5	798.18946
1	a	0	s	11	5	6	11	6	6	798.64317
1	s	0	s	4	2	2	4	3	1	798.78039
1	a	0	a	5	3	3	5	4	2	799.08929
1	a	0	a	6	1	5	6	2	4	799.60366
1	s	0	a	4	2	2	4	3	2	799.69867
1	s	0	s	5	2	3	5	3	2	799.77930
1	a	0	a	4	3	2	4	4	1	799.79493
1	s	0	s	3	0	3	3	1	2	799.88919
1	a	0	s	8	4	4	8	5	4	799.88919
1	s	0	a	7	3	4	7	4	4	799.97531
1	s	0	a	10	4	6	10	5	6	800.19314
1	s	0	a	14	1	14	14	0	14	800.31827
1	s	0	a	14	0	14	14	1	14	800.31827
1	a	0	a	1	0	1	2	1	2	800.62913
1	a	0	a	4	3	1	4	4	0	800.69716
1	a	0	s	4	3	1	4	4	1	800.88504
1	s	0	s	4	1	3	4	2	2	800.92859
1	s	0	a	15	2	14	15	1	14	801.22243
1	s	0	a	15	1	14	15	2	14	801.22243
1	s	0	a	13	1	13	13	0	13	801.70165
1	s	0	a	13	0	13	13	1	13	801.70165
1	a	0	a	5	3	2	5	4	1	801.81633
1	a	0	a	7	2	5	7	3	4	801.83284
1	a	0	a	8	3	5	8	4	4	802.15411
1	a	0	s	5	3	2	5	4	2	802.27015
1	s	0	a	14	2	13	14	1	13	802.50991
1	s	0	a	14	1	13	14	2	13	802.50991
1	a	0	a	4	2	3	4	3	2	802.96520
1	s	0	a	12	1	12	12	0	12	802.97347
1	s	0	a	12	0	12	12	1	12	802.97347
1	s	0	a	8	3	5	8	4	5	803.00207
1	s	0	a	5	2	3	5	3	3	803.07820
1	s	0	a	15	3	13	15	2	13	803.14062
1	s	0	s	2	1	1	2	2	0	803.17505
1	a	0	a	6	3	3	6	4	2	803.20702
1	s	0	a	11	4	7	11	5	7	803.39722
1	a	0	s	9	4	5	9	5	5	803.46000
1	s	0	a	2	1	1	2	2	1	803.64745
1	a	0	a	7	3	4	7	4	3	803.67600
1	s	0	a	13	2	12	13	1	12	803.69336
1	s	0	a	13	1	12	13	2	12	803.69336
1	s	0	s	2	0	2	2	1	1	804.06512
1	s	0	a	11	1	11	11	0	11	804.13533
1	s	0	a	11	0	11	11	1	11	804.13533
1	a	0	a	3	1	3	3	2	2	804.56924
1	s	0	a	15	4	12	15	3	12	804.65717
1	a	0	s	6	3	3	6	4	3	804.70424
1	s	0	a	12	2	11	12	1	11	804.77388
1	s	0	a	12	1	11	12	2	11	804.77388
1	s	0	a	10	1	10	10	0	10	805.18899
1	s	0	a	10	0	10	10	1	10	805.18899
1	s	0	a	13	2	11	13	3	11	805.26847
1	s	0	a	13	3	11	13	2	11	805.27658
1	s	0	a	6	2	4	6	3	4	805.33295
1	s	0	a	9	3	6	9	4	6	805.48595
1	s	0	a	14	3	11	14	4	11	805.58209
1	s	0	a	14	4	11	14	3	11	805.64121
1	s	0	a	11	2	10	11	1	10	805.75275
1	s	0	a	3	1	2	3	2	2	806.00141
1	s	0	a	9	1	9	9	0	9	806.13638
1	s	0	a	9	0	9	9	1	9	806.13638
1	s	0	a	12	2	10	12	3	10	806.17701
1	s	0	a	13	3	10	13	4	10	806.39016
1	a	0	s	13	5	8	13	6	8	806.41157
1	s	0	s	1	0	1	1	1	0	806.44732
1	s	0	a	13	4	10	13	3	10	806.56215
1	s	0	a	10	1	9	10	2	9	806.62486
1	s	0	a	10	2	9	10	1	9	806.63390
1	a	0	a	3	2	1	3	3	0	806.83161
1	s	0	a	10	3	7	10	4	7	806.87227
1	s	0	a	11	2	9	11	3	9	806.96744
1	s	0	a	12	3	9	12	4	9	806.99709
1	s	0	a	11	3	9	11	2	9	807.04814
1	a	0	s	10	4	6	10	5	6	807.08120
1	s	0	a	7	2	5	7	3	5	807.10380
1	a	0	s	3	2	1	3	3	1	807.15669
1	s	0	a	4	1	3	4	2	3	807.22855
1	s	0	a	11	3	8	11	4	8	807.25372
1	s	0	a	9	1	8	9	2	8	807.39002
1	s	0	a	9	2	8	9	1	8	807.42076
1	s	0	a	12	4	9	12	3	9	807.47992
1	s	0	a	10	2	8	10	3	8	807.60381
1	s	0	a	7	0	7	7	1	7	807.71212
1	s	0	a	7	1	7	7	0	7	807.71940
1	a	0	s	7	3	4	7	4	4	807.74819
1	s	0	a	10	3	8	10	2	8	807.84674
1	s	0	a	1	0	1	1	1	1	807.88353
1	a	0	a	5	2	3	5	3	2	807.89998
1	s	0	a	8	2	6	8	3	6	807.93252
1	s	0	a	9	2	7	9	3	7	807.99339
1	s	0	a	8	1	7	8	2	7	808.03040
1	s	0	a	8	2	7	8	1	7	808.13101
1	a	0	a	2	1	2	2	2	1	808.20461
1	s	0	a	5	1	4	5	2	4	806.31255
1	s	0	a	6	0	6	6	1	6	808.33635
1	s	0	a	6	1	6	6	0	6	808.36360
1	s	0	a	7	1	6	7	2	6	808.49760
1	s	0	a	11	4	8	11	3	8	808.53654
1	s	0	a	6	1	5	6	2	5	808.66943
1	s	0	a	9	3	7	9	2	7	808.68872
1	s	0	a	2	0	2	2	1	2	808.70758
1	s	0	a	7	2	6	7	1	6	808.81333
1	s	0	a	5	0	5	5	1	5	808.83395
1	s	0	a	5	1	5	5	0	5	808.92938
1	a	0	a	3	0	3	3	1	2	808.99448
1	a	0	s	4	2	2	4	3	2	809.09444
1	s	0	a	4	0	4	4	1	4	809.15263
1	s	0	a	3	0	3	3	1	3	809.16689
1	s	0	a	6	2	5	6	1	5	809.58974
1	a	0	a	4	1	3	4	2	2	809.65126
1	s	0	a	8	3	6	8	2	6	809.77563
1	a	0	s	11	4	7	11	5	7	809.94665
1	s	0	a	10	4	7	10	3	7	810.01867
1	s	0	a	3	1	3	3	0	3	810.11459
1	a	0	s	15	2	14	15	1	14	810.49075
1	a	0	s	15	1	14	15	2	14	810.49075
1	a	0	s	15	0	15	15	1	15	810.58154
1	a	0	s	15	1	15	15	0	15	810.58154
1	s	0	a	5	2	4	5	1	4	810.70478
1	a	0	s	8	3	5	8	4	5	810.72436
1	s	0	a	2	1	2	2	0	2	811.04776
1	s	0	a	7	3	5	7	2	5	811.44616
1	a	0	s	5	2	3	5	3	3	811.49582
1	a	0	s	12	4	8	12	5	8	811.54121
1	a	0	s	14	2	13	14	1	13	811.62820
1	a	0	s	14	1	13	14	2	13	811.62820
1	a	0	s	14	1	14	14	0	14	811.69750
1	a	0	s	14	0	14	14	1	14	811.69750
1	a	0	s	14	3	12	14	2	12	811.69750
1	a	0	a	3	1	2	3	2	1	811.84444
1	a	0	s	13	4	9	13	5	9	811.94314
1	s	0	a	1	1	1	1	0	1	812.18988
1	a	0	a	2	1	1	2	2	0	812.28451
1	s	0	a	9	4	6	9	3	6	812.33295
1	s	0	a	4	2	3	4	1	3	812.41246
1	a	0	s	13	2	12	13	1	12	812.68693
1	a	0	s	13	1	12	13	2	12	812.68693
1	a	0	s	13	1	13	13	0	13	812.74019
1	a	0	s	13	0	13	13	1	13	812.74019
1	a	0	s	13	2	11	13	3	11	812.74019
1	a	0	s	13	3	10	13	4	10	812.76570
1	a	0	s	9	3	6	9	4	6	812.92042
1	a	0	s	2	1	1	2	2	1	813.07787
1	a	0	a	2	0	2	2	1	1	813.19877
1	s	0	a	11	5	7	11	4	7	813.36996
1	a	0	s	12	3	9	12	4	9	813.56125
1	a	0	s	12	2	11	12	1	11	813.66689
1	a	0	s	12	1	11	12	2	11	813.66689
1	a	0	s	12	2	10	12	3	10	813.69935
1	a	0	s	12	1	12	12	0	12	813.70849
1	a	0	s	12	0	12	12	1	12	813.70849
1	a	0	s	12	3	10	12	2	10	813.72049
1	a	0	s	6	2	4	6	3	4	813.78732
1	s	0	a	6	3	4	6	2	4	813.95849
1	s	0	s	1	1	0	1	0	1	813.96698
1	a	0	s	10	3	7	10	4	7	813.96698
1	a	0	s	12	4	9	12	3	9	813.98155
1	a	0	s	11	3	8	11	4	8	814.05254
1	a	0	s	11	2	9	11	3	9	814.56247
1	a	0	s	11	1	11	11	0	11	814.60240
1	a	0	s	11	0	11	11	1	11	814.60240
1	a	0	s	11	3	9	11	2	9	814.63040
1	a	0	s	3	1	2	3	2	2	814.70201
1	a	0	s	11	4	8	11	3	8	815.18611
1	a	0	s	10	2	8	10	3	8	815.29715
1	a	0	s	7	2	5	7	3	5	815.34826
1	a	0	s	10	1	9	10	2	9	815.36835
1	a	0	s	10	2	9	10	1	9	815.39576
1	a	0	s	10	1	10	10	0	10	815.42195
1	a	0	s	10	0	10	10	1	10	815.42195
1	a	0	s	10	3	8	10	2	8	815.50674
1	s	0	a	8	4	5	8	3	5	815.69196
1	a	0	s	9	2	7	9	3	7	815.82151
1	a	0	s	8	2	6	8	3	6	815.94473
1	s	0	s	2	1	1	2	0	2	816.02024
1	a	0	s	9	1	8	9	2	8	816.12419
1	a	0	s	9	2	8	9	1	8	816.15033
1	a	0	s	9	1	9	9	0	9	816.16614
1	a	0	s	9	0	9	9	1	9	816.16614
1	a	0	s	4	1	3	4	2	3	816.27084
1	a	0	s	9	3	7	9	2	7	816.42976
1	s	0	a	2	2	1	2	1	1	816.62996
1	a	0	s	8	1	7	8	2	7	816.76065
1	a	0	s	10	4	7	10	3	7	816.78276
1	a	0	s	8	2	7	8	1	7	816.84650
1	s	0	a	5	3	3	5	2	3	817.07561
1	a	0	s	5	1	4	5	2	4	817.24178
1	a	0	s	7	1	6	7	2	6	817.25321
1	s	0	s	2	2	0	2	1	1	817.36099
1	a	0	s	1	0	1	1	1	1	817.38642
1	a	0	s	7	0	7	7	1	7	817.42680
1	a	0	s	7	1	7	7	0	7	817.43279
1	a	0	s	6	1	5	6	2	5	817.48904
1	a	0	s	7	2	6	7	1	6	817.52579
1	a	0	s	8	3	6	8	2	6	817.57323
1	s	0	a	10	5	6	10	4	6	817.61358
1	a	0	s	6	0	6	6	1	6	817.93600
1	a	0	s	6	1	6	6	0	6	817.95878
1	a	0	s	2	0	2	2	1	2	818.17721
1	a	0	s	6	2	5	6	1	5	818.28512
1	a	0	s	5	0	5	5	1	5	818.34679
1	a	0	s	5	1	5	5	0	5	818.42742
1	a	0	s	4	1	4	4	0	4	818.86977
1	a	0	s	3	1	3	3	0	3	819.01256
1	a	0	s	9	4	6	9	3	6	819.07337
1	a	0	s	7	3	5	7	2	5	819.15268
1	s	0	a	7	4	4	7	3	4	819.73621
1	s	0	s	5	3	2	5	2	3	820.17172
1	s	0	a	4	3	2	4	2	2	820.19158
1	s	0	s	6	3	3	6	2	4	820.31632
1	s	0	s	3	1	2	3	0	3	820.44493
1	a	0	s	2	1	2	2	0	2	820.57759
1	s	0	s	4	3	1	4	2	2	821.23555
1	s	0	s	1	1	1	0	0	0	821.45752
1	s	0	s	2	2	1	2	1	2	821.60850
1	a	0	s	1	1	1	1	0	1	821.66414
1	a	0	s	4	2	3	4	1	3	821.80670
1	s	0	a	9	5	5	9	4	5	822.55330
1	s	0	s	10	5	5	10	4	6	822.69652
1	s	0	a	3	3	1	3	2	1	822.78426
1	s	0	a	1	1	0	0	0	0	822.89381
1	s	0	s	5	2	3	5	1	4	822.91074
1	a	0	a	1	1	0	1	0	1	823.07066
1	a	0	s	6	3	4	6	2	4	823.44222
1	s	0	a	6	4	3	6	3	3	823.78694
1	a	0	s	3	2	2	3	1	2	823.79368
1	s	0	s	3	2	2	3	1	3	824.18665
1	s	0	s	6	4	2	6	3	3	824.95304
1	s	0	s	4	1	3	4	0	4	824.97198
1	a	0	s	8	4	5	8	3	5	825.38589
1	s	0	s	2	0	2	1	1	1	825.46483
1	s	0	a	11	6	6	11	5	6	825.52423
1	s	0	s	3	3	1	3	2	2	825.64119
1	a	0	s	2	2	1	2	1	1	825.89355
1	a	0	s	5	3	3	5	2	3	825.96285
1	a	0	a	3	2	1	3	1	2	826.16637
1	a	0	a	2	2	0	2	1	1	826.31710
1	s	0	s	4	3	2	4	2	3	826.81105
1	s	0	s	9	4	5	9	3	6	826.98996
1	s	0	a	5	4	2	5	3	2	827.23338
1	a	0	s	10	5	6	10	4	6	827.39393
1	s	0	a	8	5	4	8	4	4	827.43339
1	s	0	s	4	2	3	4	1	4	827.52813
1	a	0	a	4	2	2	4	1	3	827.62362
1	s	0	s	6	2	4	6	1	5	827.73864
1	a	0	s	7	4	4	7	3	4	828.21436
1	s	0	a	13	7	7	13	6	7	828.64546
1	s	0	s	2	1	2	1	0	1	828.77768
1	a	0	a	3	1	2	3	0	3	828.81413
1	a	0	a	5	3	2	5	2	3	828.85700
1	a	0	s	4	3	2	4	2	2	829.13465
1	s	0	a	4	4	1	4	3	1	829.58054
1	a	0	a	6	3	3	6	2	4	829.62808
1	a	0	a	4	3	1	4	2	2	829.91054
1	s	0	s	8	3	5	8	2	6	829.95580
1	s	0	s	5	1	4	5	0	5	830.18197
1	a	0	a	2	2	1	2	1	2	830.53629
1	a	0	s	9	5	5	9	4	5	830.56698
1	s	0	s	5	4	2	5	3	3	830.82925
1	s	0	s	15	7	8	15	6	9	830.90927
1	a	0	a	5	2	3	5	1	4	831.01818
1	s	0	a	10	6	5	10	5	5	831.13207
1	a	0	a	8	4	4	8	3	5	831.25752
1	a	0	a	7	4	3	7	3	4	831.27148
1	s	0	s	5	2	4	5	1	5	831.41449
1	s	0	a	7	5	3	7	4	3	831.57961
1	a	0	a	3	3	0	3	2	1	831.79831
1	a	0	s	3	3	1	3	2	1	831.81084
1	s	0	s	6	3	4	6	2	5	831.84363
1	a	0	s	6	4	3	6	3	3	832.28156
1	a	0	s	1	1	0	0	0	0	832.33842
1	a	0	a	7	3	4	7	2	5	832.61766
1	a	0	a	3	2	2	3	1	3	833.07129
1	s	0	s	7	2	5	7	1	6	833.22993
1	s	0	s	7	4	4	7	3	5	833.25181
1	s	0	a	2	1	1	1	0	1	833.40899
1	a	0	a	9	5	4	9	4	5	833.50117
1	a	0	a	4	1	3	4	0	4	833.68312
1	a	0	a	9	4	5	9	3	6	833.71742
1	s	0	s	3	0	3	2	1	2	833.87341
1	s	0	a	6	5	2	6	4	2	834.48283
1	a	0	a	2	0	2	1	1	1	834.59716
1	s	0	s	6	1	5	6	0	6	835.10773
1	a	0	s	8	5	4	8	4	4	835.38004
1	s	0	s	7	3	5	7	2	6	835.42173
1	a	0	a	4	3	2	4	2	3	835.43462
1	s	0	s	3	1	3	2	0	2	835.49859
1	s	0	s	6	2	5	6	1	6	835.59619
1	a	0	a	11	6	5	11	5	6	835.62600
1	s	0	s	9	3	6	9	2	7	835.69633
1	s	0	a	9	6	4	9	5	4	835.84243
1	a	0	s	5	4	2	5	3	2	835.84810
1	a	0	a	6	2	4	6	1	5	835.88526
1	a	0	a	5	4	1	5	3	2	835.94901
1	s	0	a	5	5	1	5	4	1	836.15857
1	s	0	s	5	2	4	4	3	1	836.52968
1	s	0	a	2	2	0	1	1	0	836.98812
1	s	0	s	9	5	5	9	4	6	837.28427
1	a	0	a	8	3	5	8	2	6	837.40162
1	a	0	a	2	1	2	1	0	1	837.96636
1	s	0	a	2	2	1	1	1	1	838.02846
1	a	0	s	4	4	1	4	3	1	838.26832
1	s	0	s	8	2	6	8	1	7	838.43122
1	a	0	s	10	6	5	10	5	5	838.45644
1	s	0	s	2	2	0	1	1	1	838.76089
1	s	0	s	9	4	6	9	3	7	839.09070
1	s	0	a	8	6	3	8	5	3	839.18484
1	s	0	s	8	3	6	8	2	7	839.39918
1	a	0	a	5	2	4	5	1	5	839.58119
1	a	0	s	7	5	3	7	4	3	839.67097
1	s	0	s	7	1	6	7	0	7	839.70212
1	a	0	a	6	4	3	6	3	4	839.77496
1	s	0	s	7	2	6	7	1	7	839.87368
1	a	0	a	7	2	5	7	1	6	841.16867
1	s	0	s	10	3	7	10	2	8	841.21678
1	s	0	a	7	6	2	7	5	2	841.25574
1	a	0	s	12	7	6	12	6	6	841.52610
1	s	0	s	4	0	4	3	1	3	841.57767
1	a	0	a	3	1	2	2	2	1	841.82497
1	s	0	s	4	1	4	3	0	3	842.19542
1	s	0	s	11	5	7	11	4	8	842.42798
1	a	0	s	6	5	2	6	4	2	842.68293
1	a	0	a	7	3	5	7	2	6	842.81925
1	a	0	s	2	1	1	1	0	1	842.84967
1	a	0	a	3	0	3	2	1	2	842.97549
1	s	0	s	9	2	7	9	1	8	843.17519
1	s	0	s	4	1	3	3	2	2	843.24349
1	a	0	s	9	6	4	9	5	4	843.32255
1	s	0	s	9	3	7	9	2	8	843.55091
1	a	0	a	6	1	5	6	0	6	843.59390
1	s	0	a	10	7	4	10	6	4	843.70095
1	a	0	a	6	2	5	6	1	6	843.95736
1	a	0	a	3	1	3	2	0	2	844.05520
1	s	0	s	8	1	7	8	0	8	844.07378
1	s	0	s	8	2	7	8	1	8	844.12950
1	a	0	s	5	5	1	5	4	1	844.42063
1	s	0	a	3	1	2	2	0	2	845.48783
1	a	0	a	2	2	1	1	1	0	845.52106
1	a	0	a	9	4	6	9	3	7	845.55264
1	s	0	s	14	7	8	14	6	9	845.91022
1	s	0	a	3	2	1	2	1	1	846.23668
1	a	0	s	2	2	0	1	1	0	846.27920
1	a	0	s	8	6	3	8	5	3	846.80357
1	a	0	s	11	7	5	11	6	5	846.82965
1	s	0	s	11	4	8	11	3	9	846.86279
1	a	0	a	8	3	6	8	2	7	846.89038
1	a	0	s	2	2	1	1	1	1	847.29345
1	a	0	a	7	2	6	6	3	3	847.33742
1	s	0	s	10	2	8	10	1	9	847.56948
1	s	0	s	9	1	8	9	0	9	848.29268
1	s	0	a	3	2	2	2	1	2	848.55432
1	s	0	s	5	0	5	4	1	4	848.83344
1	a	0	s	7	6	2	7	5	2	848.96724
1	s	0	s	5	1	5	4	0	4	849.03263
1	s	0	s	4	2	3	3	1	2	850.33466
1	a	0	s	10	7	4	10	6	4	850.66936
1	a	0	a	4	0	4	3	1	3	850.69427
1	a	0	a	4	1	4	3	0	3	851.25337
1	s	0	s	6	3	3	5	4	2	851.56134
1	s	0	s	11	3	9	11	2	10	851.83694
1	a	0	a	4	1	3	3	2	2	851.96508
1	s	0	a	3	3	0	2	2	0	852.25985
1	s	0	s	3	3	1	2	2	0	852.29235
1	s	0	s	10	1	9	10	0	10	852.38943
1	a	0	a	8	2	7	8	1	8	852.50546
1	s	0	s	5	1	4	4	2	3	852.52944
1	s	0	a	3	3	1	2	2	1	852.76423
1	a	0	a	15	9	6	15	8	7	853.60311
1	s	0	a	9	8	2	9	7	2	853.96905
1	a	0	s	3	1	2	2	0	2	854.19774
1	a	0	a	12	8	4	12	7	5	854.30946
1	a	0	a	8	7	2	8	6	3	854.83853
1	a	0	s	3	2	1	2	1	1	855.50462
1	s	0	s	6	0	6	5	1	5	855.84145
1	s	0	s	12	2	10	12	1	11	855.84145
1	s	0	s	6	1	6	5	0	5	855.89999
1	a	0	s	7	7	1	7	6	1	856.09483
1	s	0	a	4	2	2	3	1	2	856.13333
1	s	0	s	5	2	4	4	1	3	856.29034
1	s	0	s	11	2	10	11	1	11	856.37729
1	s	0	a	4	1	3	3	0	3	857.35570
1	a	0	a	5	2	3	4	3	2	857.76181
1	a	0	a	5	0	5	4	1	4	858.00326
1	a	0	a	5	1	5	4	0	4	858.18731
1	s	0	a	4	2	3	3	1	3	859.61241
1	a	0	s	9	8	2	9	7	2	860.63033
1	s	0	a	4	3	1	3	2	1	860.69357
1	s	0	s	6	1	5	5	2	4	860.76018
1	a	0	a	3	3	1	2	2	0	860.99748
1	a	0	a	5	1	4	4	2	3	861.13862
1	a	0	s	3	3	0	2	2	0	861.30600
1	a	0	s	3	3	1	2	2	1	861.79101
1	a	0	s	6	4	3	6	1	5	862.18069
1	s	0	s	6	2	5	5	1	4	862.37944
1	s	0	a	4	3	2	3	2	2	862.50534
1	s	0	s	7	0	7	6	1	6	862.69216
1	s	0	s	7	1	7	6	0	6	862.70833
1	a	0	s	12	9	4	12	8	4	863.04122
1	a	0	a	5	2	4	4	1	3	864.46500
1	a	0	a	6	0	6	5	1	5	865.09470
1	a	0	a	6	1	6	5	0	5	865.14891
1	s	0	s	8	4	4	7	5	3	865.47501
1	a	0	s	4	2	2	3	1	2	865.54596
1	s	0	s	4	2	2	3	1	3	865.74641
1	a	0	s	4	1	3	3	0	3	866.40824
1	s	0	s	5	3	3	4	2	2	866.50337
1	a	0	a	9	9	0	9	8	1	867.43741
1	a	0	a	9	9	1	9	8	2	867.43741
1	s	0	a	4	4	0	3	3	0	867.77408
1	s	0	a	4	4	1	3	3	1	867.87812
1	s	0	s	4	4	1	3	3	0	867.94193
1	a	0	a	9	5	4	8	7	1	868.09938
1	s	0	s	4	4	0	3	3	1	868.09938
1	s	0	a	5	2	3	4	1	3	868.17012
1	s	0	s	7	1	6	6	2	5	868.23547
1	a	0	a	13	10	4	13	9	5	868.77094
1	s	0	s	7	2	6	6	1	5	868.83114
1	a	0	a	6	2	4	5	3	3	868.84262
1	a	0	s	4	2	3	3	1	3	869.01258
1	a	0	a	6	1	5	5	2	4	869.26057
1	s	0	a	5	3	2	4	2	2	869.28287
1	s	0	s	8	0	8	7	1	7	869.41660
1	a	0	s	4	3	1	3	2	1	869.68825
1	s	0	a	5	1	4	4	0	4	869.94188
1	a	0	a	12	10	2	12	9	3	870.44381
1	a	0	a	6	2	5	5	1	4	870.75230
1	s	0	s	7	2	5	6	3	4	870.82942
1	s	0	a	5	2	4	4	1	4	871.07125
1	a	0	s	4	3	2	3	2	2	871.44977
1	a	0	a	7	0	7	6	1	6	872.05587
1	a	0	a	7	1	7	6	0	6	872.07085
1	s	0	s	6	3	4	5	2	3	872.10099
1	a	0	a	15	11	5	15	10	6	872.50589
1	s	0	a	5	3	3	4	2	3	872.80317
1	a	0	a	7	3	4	6	4	3	873.23018
1	s	0	s	8	1	7	7	2	6	875.29033
1	s	0	s	8	2	7	7	1	6	875.48800
1	s	0	s	9	1	9	8	0	8	876.02321
1	s	0	a	5	4	1	4	3	1	876.25638
1	a	0	s	4	4	0	3	3	0	876.51057
1	a	0	s	5	2	3	4	1	3	876.60359
1	a	0	s	4	4	1	3	3	1	876.61124
1	a	0	a	7	1	6	6	2	5	876.67243
1	s	0	a	5	4	2	4	3	2	877.09540
1	a	0	a	7	2	6	6	1	5	877.22362
1	s	0	s	7	3	5	6	2	4	877.26922
1	s	0	a	4	3	1	3	0	3	877.66288
1	s	0	a	6	3	3	5	2	3	878.14814
1	a	0	s	5	3	2	4	2	2	878.28459
1	a	0	s	11	11	1	11	10	1	878.73380
1	a	0	a	7	2	5	6	3	4	878.78095
1	a	0	s	5	1	4	4	0	4	878.88231
1	a	0	a	8	1	8	7	0	7	878.92121
1	a	0	s	5	2	4	4	1	4	879.58059
1	s	0	a	6	2	4	5	1	4	880.20589
1	a	0	s	5	3	3	4	2	3	881.69363
1	s	0	s	9	1	8	8	2	7	882.11250
1	s	0	s	9	2	8	8	1	7	882.17425
1	s	0	a	6	1	5	5	0	5	882.29754
1	s	0	s	10	0	10	9	1	9	882.51072
1	s	0	s	10	1	10	9	0	9	882.51072
1	s	0	s	8	3	6	7	2	5	882.67390
1	s	0	a	6	2	5	5	1	5	882.75497
1	s	0	a	5	5	0	4	4	0	883.25896
1	s	0	a	5	5	1	4	4	1	883.28676
1	s	0	s	5	5	1	4	4	0	883.40917
1	s	0	a	6	3	4	5	2	4	883.61499
1	a	0	a	8	1	7	7	2	6	883.70174
1	s	0	s	13	9	4	12	10	3	883.88427
1	a	0	a	8	2	7	7	1	6	883.88427
1	s	0	a	6	4	2	5	3	2	884.20123
1	a	0	s	5	4	1	4	3	1	884.89281
1	s	0	s	13	13	0	13	12	1	885.05570
1	s	0	s	13	13	1	13	12	2	885.05570
1	a	0	a	8	3	5	7	4	4	885.14791
1	a	0	a	9	0	9	8	1	8	885.68951
1	a	0	a	9	1	9	8	0	8	885.68951
1	a	0	s	5	4	2	4	3	2	885.70983
1	s	0	a	6	4	3	5	3	3	886.63054
1	a	0	a	8	2	6	7	3	5	887.37111
1	s	0	s	9	2	7	8	3	6	887.41369
1	a	0	s	6	3	3	5	2	3	887.77076
1	s	0	s	9	3	7	8	2	6	888.63626
1	a	0	s	6	2	4	5	1	4	888.67513
1	s	0	s	10	1	9	9	2	8	888.78145
1	s	0	s	10	2	9	9	1	8	888.79947
1	s	0	s	6	3	3	5	2	4	889.97907
1	a	0	a	8	3	6	7	2	5	890.17525
1	a	0	a	9	1	8	8	2	7	890.52737
1	a	0	a	9	2	8	8	1	7	890.58401
1	s	0	a	7	3	4	6	2	4	890.64631
1	a	0	s	6	1	5	5	0	5	891.13026
1	a	0	a	5	5	0	4	4	1	891.42513
1	a	0	s	6	2	5	5	1	5	891.46249
1	a	0	s	5	5	0	4	4	0	891.54763
1	a	0	s	5	5	1	4	4	1	891.57498
1	s	0	a	6	5	1	5	4	1	891.89734
1	s	0	a	7	4	3	6	3	3	892.06062
1	s	0	a	6	5	2	5	4	2	892.17374
1	a	0	a	10	0	10	9	1	9	892.37260
1	a	0	a	10	1	10	9	0	9	892.37260
1	a	0	s	6	4	2	5	3	2	892.78038
1	s	0	a	7	2	5	6	1	5	892.92759
1	a	0	s	6	3	4	5	2	4	893.10513
1	s	0	a	7	1	6	6	0	6	894.33996
1	s	0	a	7	2	6	6	1	6	894.50334
1	s	0	s	10	2	8	9	3	7	894.55498
1	s	0	a	7	3	5	6	2	5	894.84135
1	a	0	a	9	2	7	8	3	6	894.95496
1	s	0	s	10	3	8	9	2	7	895.00068
1	a	0	s	6	4	3	5	3	3	895.12599
1	s	0	s	11	2	10	10	1	9	895.32908
1	a	0	a	9	3	6	8	4	5	895.85247
1	a	0	a	9	3	7	8	2	6	896.08771
1	s	0	a	7	4	4	6	3	4	896.68492
1	a	0	a	10	1	9	9	2	8	897.22345
1	a	0	a	10	2	9	9	1	8	897.24004
1	s	0	s	10	3	7	9	4	6	898.14686
1	s	0	s	9	4	6	8	3	5	898.38584
1	a	0	s	7	3	4	6	2	4	898.44105
1	a	0	a	11	0	11	10	1	10	898.96631
1	a	0	a	11	1	11	10	0	10	898.96631
1	s	0	a	8	4	4	7	3	4	899.62136
1	s	0	a	7	5	2	6	4	2	900.03514
1	a	0	s	6	5	1	5	4	1	900.09951
1	a	0	a	6	5	1	5	4	2	900.29430
1	a	0	s	6	5	2	5	4	2	900.36935
1	a	0	s	7	4	3	6	3	3	900.72669
1	a	0	a	10	4	6	9	5	5	900.82118
1	s	0	a	7	5	3	6	4	3	901.13434
1	a	0	s	7	2	5	6	1	5	901.18690
1	s	0	s	11	2	9	10	3	8	901.35970
1	s	0	s	11	3	9	10	2	8	901.51192
1	s	0	s	12	2	11	11	1	10	901.74872
1	a	0	a	10	2	8	9	3	7	901.96448
1	a	0	a	10	3	8	9	2	7	902.37539
1	s	0	a	8	3	5	7	2	5	902.55765
1	a	0	s	7	3	5	6	2	5	902.55765
1	a	0	s	7	1	6	6	0	6	903.11096
1	a	0	s	7	2	6	6	1	6	903.23046
1	a	0	a	11	1	10	10	2	9	903.81693
1	a	0	a	9	4	6	8	3	5	904.84999
1	a	0	a	10	3	7	9	4	6	904.98683
1	a	0	s	7	4	4	6	3	4	905.16496
1	s	0	a	8	2	6	7	1	6	905.46933
1	s	0	a	8	1	7	7	0	7	906.15916
1	s	0	a	8	2	7	7	1	7	906.21276
1	s	0	a	8	3	6	7	2	6	906.34032
1	s	0	a	8	4	5	7	3	5	907.24200
1	s	0	a	6	4	2	5	1	4	907.31991
1	s	0	a	7	6	1	6	5	1	907.40901
1	s	0	a	7	6	2	6	5	2	907.45926
1	s	0	a	8	5	3	7	4	3	907.50301
1	s	0	s	12	2	10	11	3	9	907.96794
1	s	0	s	12	3	10	11	2	9	908.01779
1	a	0	s	7	5	2	6	4	2	908.16011
1	s	0	s	11	4	8	10	3	7	908.41239
1	a	0	a	11	2	9	10	3	8	908.67302
1	a	0	a	11	3	9	10	2	8	908.81156
1	a	0	s	7	5	3	6	4	3	909.22459
1	a	0	a	10	4	7	9	3	6	909.53767
1	a	0	s	8	4	4	7	3	4	909.58273
1	a	0	s	8	3	5	7	2	5	910.29980
1	a	0	a	12	1	11	11	2	10	910.31447
1	s	0	a	8	5	4	7	4	4	910.42762
1	a	0	a	11	3	8	10	4	7	912.82736
1	a	0	s	8	2	6	7	1	6	913.49726
1	a	0	s	8	3	6	7	2	6	914.15078
1	s	0	s	12	4	9	11	3	8	914.39312
1	s	0	s	13	3	11	12	2	10	914.44937
1	a	0	a	11	4	8	10	3	7	914.80625
1	a	0	s	8	1	7	7	0	7	914.90638
1	a	0	s	8	2	7	7	1	7	914.94475
1	a	0	s	7	6	1	6	5	1	915.16151
1	a	0	s	7	6	2	6	5	2	915.21007
1	a	0	a	12	2	10	11	3	9	915.21007
1	a	0	a	12	3	10	11	2	9	915.25446
1	s	0	a	9	3	6	8	2	6	915.35417
1	a	0	s	8	5	3	7	4	3	915.56294
1	s	0	a	8	6	2	7	5	2	915.76763
1	s	0	a	8	6	3	7	5	3	916.13996
1	s	0	a	9	2	7	8	1	7	917.60890
1	s	0	a	9	1	8	8	0	8	917.81670
1	s	0	a	9	2	8	8	1	8	917.83343
1	s	0	a	9	3	7	8	2	7	917.95394
1	s	0	a	9	4	6	8	3	6	918.22430
1	a	0	s	8	5	4	7	4	4	918.37312
1	s	0	s	11	5	7	10	4	6	919.59378
1	a	0	a	9	5	5	8	4	4	919.65980
1	a	0	s	9	4	5	8	3	5	919.76989
1	s	0	a	9	5	5	8	4	5	920.21602
1	s	0	s	14	2	12	13	3	11	920.77754
1	a	0	s	7	7	1	6	6	1	921.57135
1	a	0	s	7	7	0	6	6	0	921.57135
1	s	0	a	7	4	3	6	1	5	921.94646
1	a	0	s	9	3	6	8	2	6	922.80645
1	a	0	s	9	5	4	8	4	4	922.85688
1	a	0	s	8	6	2	7	5	2	923.39414
1	s	0	a	9	6	3	8	5	3	923.56988
1	a	0	s	8	6	3	7	5	3	923.75580
1	s	0	a	9	6	4	8	5	4	924.86065
1	a	0	s	9	4	6	8	3	6	924.97336
1	a	0	s	9	2	7	8	1	7	925.45393
1	a	0	a	10	5	6	9	4	5	925.54736
1	a	0	s	9	3	7	8	2	7	925.71098
1	s	0	a	8	3	5	7	2	6	926.53319
1	a	0	s	9	1	8	8	0	8	926.57038
1	a	0	s	9	2	8	8	1	8	926.58223
1	s	0	a	10	3	7	9	2	7	928.08519
1	a	0	s	9	5	5	8	4	5	928.23035
1	a	0	a	15	7	8	14	8	7	929.23098
1	s	0	a	10	1	9	9	0	9	929.34074
1	s	0	a	10	2	8	9	1	8	929.43394
1	s	0	a	10	4	7	9	3	7	929.51833
1	s	0	a	10	3	8	9	2	8	929.55912
1	a	0	s	8	7	1	7	6	1	930.08771
1	a	0	s	8	7	2	7	6	2	930.09828
1	s	0	a	10	5	6	9	4	6	930.49467
1	a	0	s	7	4	3	6	1	5	930.62588
1	a	0	s	10	5	5	9	4	5	931.02183
1	a	0	s	9	6	3	8	5	3	931.09300
1	s	0	a	9	7	2	8	6	2	931.27275
1	a	0	s	9	6	4	8	5	4	932.33879
1	s	0	s	9	4	5	8	3	6	932.88877
1	s	0	s	8	4	5	7	1	6	933.36805
1	s	0	a	10	6	5	9	5	5	933.88603
1	s	0	a	11	5	6	10	4	6	934.51853
1	a	0	s	7	5	2	6	2	4	934.60143
1	a	0	s	10	3	7	9	2	7	935.19728
1	a	0	s	10	4	7	9	3	7	936.29522
1	s	0	a	8	5	3	7	2	5	936.44480
1	a	0	s	8	8	0	7	7	0	936.54172
1	a	0	s	8	8	1	7	7	1	936.54172
1	a	0	s	10	2	8	9	1	8	937.14617
1	a	0	s	10	3	8	9	2	8	937.23744
1	a	0	s	10	6	4	9	5	4	938.03981
1	a	0	s	9	7	3	8	6	3	938.48055
1	s	0	a	10	7	3	9	6	3	939.34736
1	s	0	a	10	7	4	9	6	4	939.79103
1	a	0	s	10	5	6	9	4	6	940.27806
1	s	0	a	11	3	8	10	2	8	940.35484
1	s	0	a	11	2	10	10	1	10	940.74069
1	s	0	a	11	4	8	10	3	8	940.97369
1	s	0	a	11	2	9	10	1	9	941.04295
1	s	0	a	11	3	9	10	2	9	941.08582
1	s	0	a	11	6	6	10	5	6	943.38407
1	a	0	s	11	4	7	10	3	7	943.76414
1	a	0	s	8	5	3	7	2	5	944.52050
1	a	0	s	9	8	1	8	7	1	944.97174
1	a	0	s	10	7	4	9	6	4	946.75696
1	a	0	s	11	3	8	10	2	8	947.17174
1	a	0	s	11	4	8	10	3	8	947.63893
1	s	0	a	11	7	5	10	6	5	948.24749
1	a	0	s	11	2	9	10	1	9	948.65845
1	a	0	s	11	3	9	10	2	9	948.68897
1	s	0	s	9	4	6	8	1	7	948.72301
1	a	0	s	11	1	10	10	0	10	949.58135
1	a	0	s	9	9	0	8	8	0	951.47187
1	a	0	s	9	9	1	8	8	1	951.47187
1	s	0	a	12	1	11	11	0	11	952.01707
1	s	0	a	12	2	11	11	1	11	952.01707
1	s	0	a	12	3	9	11	2	9	952.21014
1	s	0	a	12	5	8	11	4	8	952.25731
1	s	0	a	12	4	9	11	3	9	952.45319
1	s	0	a	12	2	10	11	1	10	952.48848
1	s	0	a	12	3	10	11	2	10	952.50256
1	a	0	s	10	8	2	9	7	2	953.23693
1	a	0	s	10	8	3	9	7	3	953.25112
1	s	0	a	12	6	7	11	5	7	953.35296
1	a	0	s	11	7	4	10	6	4	953.68400
1	s	0	a	11	8	3	10	7	3	954.60931
1	a	0	s	12	4	8	11	3	8	956.23537
1	s	0	s	11	5	6	10	4	7	956.37941
1	a	0	s	9	5	4	8	2	6	958.11781
1	a	0	s	12	3	9	11	2	9	958.79377
1	a	0	s	10	9	1	9	8	1	959.80966
1	a	0	s	10	9	2	9	8	2	959.80966
1	a	0	s	12	2	10	11	1	10	960.03379
1	a	0	s	12	3	10	11	2	10	960.04350
1	a	0	s	12	1	11	11	0	11	960.93859
1	a	0	s	12	2	11	11	1	11	960.93859
1	s	0	s	10	3	7	9	2	8	962.94755
1	s	0	a	13	1	12	12	0	12	963.17333
1	s	0	a	13	2	12	12	1	12	963.17333
1	s	0	a	13	5	9	12	4	9	963.51934
1	s	0	a	13	3	10	12	2	10	963.77868
1	s	0	a	13	4	10	12	3	10	963.86831
1	s	0	a	13	7	7	12	6	7	966.16509
1	a	0	a	12	8	4	11	7	5	969.36465
1	s	0	a	12	9	3	11	8	3	970.10613
1	s	0	a	12	9	4	11	8	4	970.12213
1	a	0	s	13	2	12	12	1	12	972.19804
1	a	0	s	13	1	12	12	0	12	972.19804
1	a	0	s	10	6	4	9	3	6	972.64810
1	s	0	a	14	1	13	13	0	13	974.20656
1	s	0	a	14	2	13	13	1	13	974.20656
1	s	0	a	14	5	10	13	4	10	974.84334
1	s	0	a	14	3	11	13	2	11	975.14220
1	s	0	a	14	4	11	13	3	11	975.17395
1	a	0	s	12	9	3	11	8	3	976.00046
1	a	0	s	12	9	4	11	8	4	976.01559
1	a	0	s	14	1	13	13	0	13	983.35964
1	a	0	s	14	2	13	13	1	13	983.35964
1	s	0	a	15	2	14	14	1	14	985.11573
1	s	0	a	15	1	14	14	0	14	985.11573
1	s	0	a	15	5	11	14	4	11	986.12229
1	s	0	a	15	8	8	14	7	8	988.53303