57674.76 0.15 0.15 0 0 0 0 0 0 1 1 1 s 0 0 0 0 0 0 1 0 1 a 51WeSt.1
67831.52 0.15 0.15 0 0 0 0 0 0 1 1 1 a 0 0 0 0 0 0 1 0 1 s 51WeSt.2
28560.90 0.05 0.05 0 0 0 0 0 0 2 1 2 s 0 0 0 0 0 0 2 0 2 a 51WeSt.3
38739.13 0.10 0.10 0 0 0 0 0 0 2 1 2 a 0 0 0 0 0 0 2 0 2 s 51WeSt.4
 8283.92 0.05 0.05 0 0 0 0 0 0 3 1 3 s 0 0 0 0 0 0 3 0 3 a 51WeSt.5
18481.91 0.05 0.05 0 0 0 0 0 0 3 1 3 a 0 0 0 0 0 0 3 0 3 s 51WeSt.6
 9517.55 0.05 0.05 0 0 0 0 0 0 4 1 4 a 0 0 0 0 0 0 4 0 4 s 51WeSt.7
28677.86 0.05 0.05 0 0 0 0 0 0 5 2 4 s 0 0 0 0 0 0 5 1 4 a 51WeSt.8 
38326.84 0.10 0.10 0 0 0 0 0 0 5 2 4 a 0 0 0 0 0 0 5 1 4 s 51WeSt.9
 7801.38 0.05 0.05 0 0 0 0 0 0 6 2 5 s 0 0 0 0 0 0 6 1 5 a 51WeSt.10
17392.56 0.05 0.05 0 0 0 0 0 0 6 2 5 a 0 0 0 0 0 0 6 1 5 s 51WeSt.12
20608.77 0.05 0.05 0 0 0 0 0 0 8 3 6 s 0 0 0 0 0 0 8 2 6 a 51WeSt.13
29318.47 0.05 0.05 0 0 0 0 0 0 8 3 6 a 0 0 0 0 0 0 8 2 6 s 51WeSt.14
13923.95 0.05 0.05 0 0 0 0 0 0 9 3 7 a 0 0 0 0 0 0 9 2 7 s 51WeSt.15
